計測日時,太陽光発電(創蓄パワコン),蓄電池充電,蓄電池放電,主幹買電,主幹売電,テレビ冷蔵庫洗濯機,エアコン・リビング,２階寝室エアコン,照明・リビング,電子レンジ・キッチン,照明・キッチン,未使用,エアコン・２階,照明・洗面,増設1,増設2,増設3,増設4,増設5,増設6,増設7,増設8,増設9,増設10,増設11,増設12,増設13,増設14,増設15,増設16,増設17,増設18,増設19,増設20,増設21,増設22,増設23,増設24,増設25,増設26,増設27,増設28,増設29,増設30,使用電力量,ガス使用量,水使用量,お湯使用量,燃料電池ガス使用量,補助熱源ガス使用量,燃料電池お湯使用量,補助熱源お湯使用量,燃料電池排熱回収量
201801010000+0900,-,-,-,110,0,20,0,6,0,0,0,0,11,0,0,0,0,0,0,0,0,0,0,0,0,0,0,0,0,0,0,0,0,0,0,0,0,0,0,0,0,0,0,0,110,-,-,-,-,-,-,-,-
201801010030+0900,-,-,-,115,0,86,0,0,0,0,0,0,11,0,0,0,0,0,0,0,0,0,0,0,0,0,0,0,0,0,0,0,0,0,0,0,0,0,0,0,0,0,0,0,115,-,-,-,-,-,-,-,-
201801010100+0900,-,-,-,101,0,67,0,0,0,0,0,0,0,0,0,0,0,0,0,0,0,0,0,0,0,0,0,0,0,0,0,0,0,0,0,0,0,0,0,0,0,0,0,0,101,-,-,-,-,-,-,-,-
201801010130+0900,-,-,-,111,0,79,0,0,0,0,0,0,0,0,0,0,0,0,0,0,0,0,0,0,0,0,0,0,0,0,0,0,0,0,0,0,0,0,0,0,0,0,0,0,111,-,-,-,-,-,-,-,-
201801010200+0900,-,-,-,101,0,56,0,0,0,0,0,0,0,0,0,0,0,0,0,0,0,0,0,0,0,0,0,0,0,0,0,0,0,0,0,0,0,0,0,0,0,0,0,0,101,-,-,-,-,-,-,-,-
201801010230+0900,-,-,-,109,0,80,0,0,0,0,0,0,0,0,0,0,0,0,0,0,0,0,0,0,0,0,0,0,0,0,0,0,0,0,0,0,0,0,0,0,0,0,0,0,109,-,-,-,-,-,-,-,-
201801010300+0900,-,-,-,97,0,57,0,0,0,0,0,0,0,0,0,0,0,0,0,0,0,0,0,0,0,0,0,0,0,0,0,0,0,0,0,0,0,0,0,0,0,0,0,0,97,-,-,-,-,-,-,-,-
201801010330+0900,-,-,-,112,0,80,0,0,0,0,0,0,0,0,0,0,0,0,0,0,0,0,0,0,0,0,0,0,0,0,0,0,0,0,0,0,0,0,0,0,0,0,0,0,112,-,-,-,-,-,-,-,-
201801010400+0900,-,-,-,98,0,58,0,0,0,0,0,0,0,0,0,0,0,0,0,0,0,0,0,0,0,0,0,0,0,0,0,0,0,0,0,0,0,0,0,0,0,0,0,0,98,-,-,-,-,-,-,-,-
201801010430+0900,-,-,-,110,0,81,0,0,0,0,0,0,0,0,0,0,0,0,0,0,0,0,0,0,0,0,0,0,0,0,0,0,0,0,0,0,0,0,0,0,0,0,0,0,110,-,-,-,-,-,-,-,-
201801010500+0900,-,-,-,123,0,114,0,0,0,0,0,0,5,0,0,0,0,0,0,0,0,0,0,0,0,0,0,0,0,0,0,0,0,0,0,0,0,0,0,0,0,0,0,0,123,-,-,-,-,-,-,-,-
201801010530+0900,-,-,-,132,0,111,0,0,0,0,0,0,17,3,0,0,0,0,0,0,0,0,0,0,0,0,0,0,0,0,0,0,0,0,0,0,0,0,0,0,0,0,0,0,132,-,-,-,-,-,-,-,-
201801010600+0900,-,-,-,105,0,62,0,1,0,0,0,0,17,0,0,0,0,0,0,0,0,0,0,0,0,0,0,0,0,0,0,0,0,0,0,0,0,0,0,0,0,0,0,0,105,-,-,-,-,-,-,-,-
201801010630+0900,-,-,-,103,0,54,0,0,0,0,0,0,18,0,0,0,0,0,0,0,0,0,0,0,0,0,0,0,0,0,0,0,0,0,0,0,0,0,0,0,0,0,0,0,103,-,-,-,-,-,-,-,-
201801010700+0900,-,-,-,127,0,76,0,0,0,0,0,0,68,0,0,0,0,0,0,0,0,0,0,0,0,0,0,0,0,0,0,0,0,0,0,0,0,0,0,0,0,0,0,0,127,-,-,-,-,-,-,-,-
201801010730+0900,-,-,-,142,0,61,0,0,0,0,44,0,69,0,0,0,0,0,0,0,0,0,0,0,0,0,0,0,0,0,0,0,0,0,0,0,0,0,0,0,0,0,0,0,142,-,-,-,-,-,-,-,-
201801010800+0900,-,-,-,223,0,166,0,0,0,187,30,0,41,0,0,0,0,0,0,0,0,0,0,0,0,0,0,0,0,0,0,0,0,0,0,0,0,0,0,0,0,0,0,0,223,-,-,-,-,-,-,-,-
201801010830+0900,-,-,-,173,0,141,0,0,0,24,33,0,20,20,0,0,0,0,0,0,0,0,0,0,0,0,0,0,0,0,0,0,0,0,0,0,0,0,0,0,0,0,0,0,173,-,-,-,-,-,-,-,-
201801010900+0900,-,-,-,127,0,80,0,0,0,4,34,0,21,0,0,0,0,0,0,0,0,0,0,0,0,0,0,0,0,0,0,0,0,0,0,0,0,0,0,0,0,0,0,0,127,-,-,-,-,-,-,-,-
201801010930+0900,-,-,-,127,0,60,0,0,0,7,12,0,21,2,0,0,0,0,0,0,0,0,0,0,0,0,0,0,0,0,0,0,0,0,0,0,0,0,0,0,0,0,0,0,127,-,-,-,-,-,-,-,-
201801011000+0900,-,-,-,102,0,32,0,0,0,9,6,0,21,0,0,0,0,0,0,0,0,0,0,0,0,0,0,0,0,0,0,0,0,0,0,0,0,0,0,0,0,0,0,0,102,-,-,-,-,-,-,-,-
201801011030+0900,-,-,-,94,0,16,0,0,0,10,0,0,20,0,0,0,0,0,0,0,0,0,0,0,0,0,0,0,0,0,0,0,0,0,0,0,0,0,0,0,0,0,0,0,94,-,-,-,-,-,-,-,-
201801011100+0900,-,-,-,104,0,58,0,0,0,9,0,0,21,0,0,0,0,0,0,0,0,0,0,0,0,0,0,0,0,0,0,0,0,0,0,0,0,0,0,0,0,0,0,0,104,-,-,-,-,-,-,-,-
201801011130+0900,-,-,-,195,0,51,0,0,0,9,78,0,21,0,0,0,0,0,0,0,0,0,0,0,0,0,0,0,0,0,0,0,0,0,0,0,0,0,0,0,0,0,0,0,195,-,-,-,-,-,-,-,-
201801011200+0900,-,-,-,296,0,113,0,0,0,10,213,0,20,0,0,0,0,0,0,0,0,0,0,0,0,0,0,0,0,0,0,0,0,0,0,0,0,0,0,0,0,0,0,0,296,-,-,-,-,-,-,-,-
201801011230+0900,-,-,-,192,0,90,0,0,0,9,0,0,20,0,0,0,0,0,0,0,0,0,0,0,0,0,0,0,0,0,0,0,0,0,0,0,0,0,0,0,0,0,0,0,192,-,-,-,-,-,-,-,-
201801011300+0900,-,-,-,196,0,102,0,0,0,14,30,0,21,0,0,0,0,0,0,0,0,0,0,0,0,0,0,0,0,0,0,0,0,0,0,0,0,0,0,0,0,0,0,0,196,-,-,-,-,-,-,-,-
201801011330+0900,-,-,-,216,0,97,0,0,0,33,29,0,20,0,0,0,0,0,0,0,0,0,0,0,0,0,0,0,0,0,0,0,0,0,0,0,0,0,0,0,0,0,0,0,216,-,-,-,-,-,-,-,-
201801011400+0900,-,-,-,262,0,120,0,0,0,8,7,0,111,0,0,0,0,0,0,0,0,0,0,0,0,0,0,0,0,0,0,0,0,0,0,0,0,0,0,0,0,0,0,0,262,-,-,-,-,-,-,-,-
201801011430+0900,-,-,-,349,0,89,0,0,0,9,0,0,168,0,0,0,0,0,0,0,0,0,0,0,0,0,0,0,0,0,0,0,0,0,0,0,0,0,0,0,0,0,0,0,349,-,-,-,-,-,-,-,-
201801011500+0900,-,-,-,277,0,63,0,0,0,9,0,0,167,0,0,0,0,0,0,0,0,0,0,0,0,0,0,0,0,0,0,0,0,0,0,0,0,0,0,0,0,0,0,0,277,-,-,-,-,-,-,-,-
201801011530+0900,-,-,-,185,0,21,0,0,0,8,0,0,96,0,0,0,0,0,0,0,0,0,0,0,0,0,0,0,0,0,0,0,0,0,0,0,0,0,0,0,0,0,0,0,185,-,-,-,-,-,-,-,-
201801011600+0900,-,-,-,249,0,59,0,0,0,10,0,0,125,0,0,0,0,0,0,0,0,0,0,0,0,0,0,0,0,0,0,0,0,0,0,0,0,0,0,0,0,0,0,0,249,-,-,-,-,-,-,-,-
201801011630+0900,-,-,-,242,0,49,0,0,0,8,0,0,102,0,0,0,0,0,0,0,0,0,0,0,0,0,0,0,0,0,0,0,0,0,0,0,0,0,0,0,0,0,0,0,242,-,-,-,-,-,-,-,-
201801011700+0900,-,-,-,214,0,72,0,0,0,10,0,0,63,0,0,0,0,0,0,0,0,0,0,0,0,0,0,0,0,0,0,0,0,0,0,0,0,0,0,0,0,0,0,0,214,-,-,-,-,-,-,-,-
201801011730+0900,-,-,-,225,0,62,0,0,0,8,0,0,115,0,0,0,0,0,0,0,0,0,0,0,0,0,0,0,0,0,0,0,0,0,0,0,0,0,0,0,0,0,0,0,225,-,-,-,-,-,-,-,-
201801011800+0900,-,-,-,285,0,107,0,0,0,34,51,0,157,0,0,0,0,0,0,0,0,0,0,0,0,0,0,0,0,0,0,0,0,0,0,0,0,0,0,0,0,0,0,0,285,-,-,-,-,-,-,-,-
201801011830+0900,-,-,-,291,0,30,0,4,0,41,120,0,103,0,0,0,0,0,0,0,0,0,0,0,0,0,0,0,0,0,0,0,0,0,0,0,0,0,0,0,0,0,0,0,291,-,-,-,-,-,-,-,-
201801011900+0900,-,-,-,316,0,119,0,0,0,12,31,0,147,0,0,0,0,0,0,0,0,0,0,0,0,0,0,0,0,0,0,0,0,0,0,0,0,0,0,0,0,0,0,0,316,-,-,-,-,-,-,-,-
201801011930+0900,-,-,-,308,0,148,0,0,8,0,8,0,127,0,0,0,0,0,0,0,0,0,0,0,0,0,0,0,0,0,0,0,0,0,0,0,0,0,0,0,0,0,0,0,308,-,-,-,-,-,-,-,-
201801012000+0900,-,-,-,697,0,170,0,0,306,0,0,0,72,0,0,0,0,0,0,0,0,0,0,0,0,0,0,0,0,0,0,0,0,0,0,0,0,0,0,0,0,0,0,0,697,-,-,-,-,-,-,-,-
201801012030+0900,-,-,-,599,0,122,0,0,262,0,0,0,0,0,0,0,0,0,0,0,0,0,0,0,0,0,0,0,0,0,0,0,0,0,0,0,0,0,0,0,0,0,0,0,599,-,-,-,-,-,-,-,-
201801012100+0900,-,-,-,639,0,139,0,4,258,0,1,0,97,0,0,0,0,0,0,0,0,0,0,0,0,0,0,0,0,0,0,0,0,0,0,0,0,0,0,0,0,0,0,0,639,-,-,-,-,-,-,-,-
201801012130+0900,-,-,-,618,0,55,0,1,242,0,0,0,110,0,0,0,0,0,0,0,0,0,0,0,0,0,0,0,0,0,0,0,0,0,0,0,0,0,0,0,0,0,0,0,618,-,-,-,-,-,-,-,-
201801012200+0900,-,-,-,318,0,80,0,0,0,0,0,0,104,0,0,0,0,0,0,0,0,0,0,0,0,0,0,0,0,0,0,0,0,0,0,0,0,0,0,0,0,0,0,0,318,-,-,-,-,-,-,-,-
201801012230+0900,-,-,-,413,0,101,0,0,0,0,0,0,20,0,0,0,0,0,0,0,0,0,0,0,0,0,0,0,0,0,0,0,0,0,0,0,0,0,0,0,0,0,0,0,413,-,-,-,-,-,-,-,-
201801012300+0900,-,-,-,349,0,102,0,3,0,0,0,0,19,0,0,0,0,0,0,0,0,0,0,0,0,0,0,0,0,0,0,0,0,0,0,0,0,0,0,0,0,0,0,0,349,-,-,-,-,-,-,-,-
201801012330+0900,-,-,-,151,0,58,0,5,0,0,0,0,20,0,0,0,0,0,0,0,0,0,0,0,0,0,0,0,0,0,0,0,0,0,0,0,0,0,0,0,0,0,0,0,151,-,-,-,-,-,-,-,-
201801020000+0900,-,-,-,159,0,85,0,0,0,0,0,0,26,0,0,0,0,0,0,0,0,0,0,0,0,0,0,0,0,0,0,0,0,0,0,0,0,0,0,0,0,0,0,0,159,-,-,-,-,-,-,-,-
201801020030+0900,-,-,-,132,0,56,0,0,0,0,0,0,24,0,0,0,0,0,0,0,0,0,0,0,0,0,0,0,0,0,0,0,0,0,0,0,0,0,0,0,0,0,0,0,132,-,-,-,-,-,-,-,-
201801020100+0900,-,-,-,103,0,62,0,0,0,0,0,0,21,0,0,0,0,0,0,0,0,0,0,0,0,0,0,0,0,0,0,0,0,0,0,0,0,0,0,0,0,0,0,0,103,-,-,-,-,-,-,-,-
201801020130+0900,-,-,-,115,0,84,0,0,0,0,0,0,2,0,0,0,0,0,0,0,0,0,0,0,0,0,0,0,0,0,0,0,0,0,0,0,0,0,0,0,0,0,0,0,115,-,-,-,-,-,-,-,-
201801020200+0900,-,-,-,98,0,58,0,0,0,0,0,0,0,0,0,0,0,0,0,0,0,0,0,0,0,0,0,0,0,0,0,0,0,0,0,0,0,0,0,0,0,0,0,0,98,-,-,-,-,-,-,-,-
201801020230+0900,-,-,-,105,0,71,0,0,0,0,0,0,0,0,0,0,0,0,0,0,0,0,0,0,0,0,0,0,0,0,0,0,0,0,0,0,0,0,0,0,0,0,0,0,105,-,-,-,-,-,-,-,-
201801020300+0900,-,-,-,102,0,61,0,0,0,0,0,0,0,0,0,0,0,0,0,0,0,0,0,0,0,0,0,0,0,0,0,0,0,0,0,0,0,0,0,0,0,0,0,0,102,-,-,-,-,-,-,-,-
201801020330+0900,-,-,-,104,0,67,0,0,0,0,0,0,0,0,0,0,0,0,0,0,0,0,0,0,0,0,0,0,0,0,0,0,0,0,0,0,0,0,0,0,0,0,0,0,104,-,-,-,-,-,-,-,-
201801020400+0900,-,-,-,99,0,59,0,0,0,0,0,0,0,0,0,0,0,0,0,0,0,0,0,0,0,0,0,0,0,0,0,0,0,0,0,0,0,0,0,0,0,0,0,0,99,-,-,-,-,-,-,-,-
201801020430+0900,-,-,-,134,0,128,0,0,0,0,0,0,0,0,0,0,0,0,0,0,0,0,0,0,0,0,0,0,0,0,0,0,0,0,0,0,0,0,0,0,0,0,0,0,134,-,-,-,-,-,-,-,-
201801020500+0900,-,-,-,117,0,100,0,0,0,0,0,0,5,0,0,0,0,0,0,0,0,0,0,0,0,0,0,0,0,0,0,0,0,0,0,0,0,0,0,0,0,0,0,0,117,-,-,-,-,-,-,-,-
201801020530+0900,-,-,-,108,0,65,0,0,0,0,0,0,15,0,0,0,0,0,0,0,0,0,0,0,0,0,0,0,0,0,0,0,0,0,0,0,0,0,0,0,0,0,0,0,108,-,-,-,-,-,-,-,-
201801020600+0900,-,-,-,110,0,68,0,0,0,0,0,0,16,0,0,0,0,0,0,0,0,0,0,0,0,0,0,0,0,0,0,0,0,0,0,0,0,0,0,0,0,0,0,0,110,-,-,-,-,-,-,-,-
201801020630+0900,-,-,-,104,0,55,0,0,0,0,0,0,16,0,0,0,0,0,0,0,0,0,0,0,0,0,0,0,0,0,0,0,0,0,0,0,0,0,0,0,0,0,0,0,104,-,-,-,-,-,-,-,-
201801020700+0900,-,-,-,113,0,72,0,0,0,0,0,0,11,0,0,0,0,0,0,0,0,0,0,0,0,0,0,0,0,0,0,0,0,0,0,0,0,0,0,0,0,0,0,0,113,-,-,-,-,-,-,-,-
201801020730+0900,-,-,-,213,0,72,0,0,0,227,67,0,3,0,0,0,0,0,0,0,0,0,0,0,0,0,0,0,0,0,0,0,0,0,0,0,0,0,0,0,0,0,0,0,213,-,-,-,-,-,-,-,-
201801020800+0900,-,-,-,145,0,97,0,0,0,15,33,0,27,5,0,0,0,0,0,0,0,0,0,0,0,0,0,0,0,0,0,0,0,0,0,0,0,0,0,0,0,0,0,0,145,-,-,-,-,-,-,-,-
201801020830+0900,-,-,-,201,0,144,0,0,0,7,33,0,128,0,0,0,0,0,0,0,0,0,0,0,0,0,0,0,0,0,0,0,0,0,0,0,0,0,0,0,0,0,0,0,201,-,-,-,-,-,-,-,-
201801020900+0900,-,-,-,185,0,100,0,0,0,8,33,0,176,0,0,0,0,0,0,0,0,0,0,0,0,0,0,0,0,0,0,0,0,0,0,0,0,0,0,0,0,0,0,0,185,-,-,-,-,-,-,-,-
201801020930+0900,-,-,-,224,0,101,0,0,0,8,135,0,190,0,0,0,0,0,0,0,0,0,0,0,0,0,0,0,0,0,0,0,0,0,0,0,0,0,0,0,0,0,0,0,224,-,-,-,-,-,-,-,-
201801021000+0900,-,-,-,225,0,76,0,0,0,31,34,0,182,37,0,0,0,0,0,0,0,0,0,0,0,0,0,0,0,0,0,0,0,0,0,0,0,0,0,0,0,0,0,0,225,-,-,-,-,-,-,-,-
201801021030+0900,-,-,-,262,0,81,0,0,0,200,52,0,147,0,0,0,0,0,0,0,0,0,0,0,0,0,0,0,0,0,0,0,0,0,0,0,0,0,0,0,0,0,0,0,262,-,-,-,-,-,-,-,-
201801021100+0900,-,-,-,147,0,57,0,0,0,21,33,0,97,0,0,0,0,0,0,0,0,0,0,0,0,0,0,0,0,0,0,0,0,0,0,0,0,0,0,0,0,0,0,0,147,-,-,-,-,-,-,-,-
201801021130+0900,-,-,-,149,0,44,0,0,0,11,104,0,92,0,0,0,0,0,0,0,0,0,0,0,0,0,0,0,0,0,0,0,0,0,0,0,0,0,0,0,0,0,0,0,149,-,-,-,-,-,-,-,-
201801021200+0900,-,-,-,271,0,95,0,0,0,20,455,0,51,0,0,0,0,0,0,0,0,0,0,0,0,0,0,0,0,0,0,0,0,0,0,0,0,0,0,0,0,0,0,0,271,-,-,-,-,-,-,-,-
201801021230+0900,-,-,-,187,0,93,0,0,0,47,186,0,31,0,0,0,0,0,0,0,0,0,0,0,0,0,0,0,0,0,0,0,0,0,0,0,0,0,0,0,0,0,0,0,187,-,-,-,-,-,-,-,-
201801021300+0900,-,-,-,119,0,98,0,0,0,11,5,0,32,0,0,0,0,0,0,0,0,0,0,0,0,0,0,0,0,0,0,0,0,0,0,0,0,0,0,0,0,0,0,0,119,-,-,-,-,-,-,-,-
201801021330+0900,-,-,-,172,0,91,0,0,0,10,6,0,32,0,0,0,0,0,0,0,0,0,0,0,0,0,0,0,0,0,0,0,0,0,0,0,0,0,0,0,0,0,0,0,172,-,-,-,-,-,-,-,-
201801021400+0900,-,-,-,170,0,110,0,0,0,8,16,0,31,0,0,0,0,0,0,0,0,0,0,0,0,0,0,0,0,0,0,0,0,0,0,0,0,0,0,0,0,0,0,0,170,-,-,-,-,-,-,-,-
201801021430+0900,-,-,-,222,0,114,0,0,0,194,36,0,32,0,0,0,0,0,0,0,0,0,0,0,0,0,0,0,0,0,0,0,0,0,0,0,0,0,0,0,0,0,0,0,222,-,-,-,-,-,-,-,-
201801021500+0900,-,-,-,239,0,107,0,0,0,76,59,0,44,0,0,0,0,0,0,0,0,0,0,0,0,0,0,0,0,0,0,0,0,0,0,0,0,0,0,0,0,0,0,0,239,-,-,-,-,-,-,-,-
201801021530+0900,-,-,-,301,0,154,0,0,0,29,21,0,120,0,0,0,0,0,0,0,0,0,0,0,0,0,0,0,0,0,0,0,0,0,0,0,0,0,0,0,0,0,0,0,301,-,-,-,-,-,-,-,-
201801021600+0900,-,-,-,310,0,142,0,0,0,33,1,0,115,0,0,0,0,0,0,0,0,0,0,0,0,0,0,0,0,0,0,0,0,0,0,0,0,0,0,0,0,0,0,0,310,-,-,-,-,-,-,-,-
201801021630+0900,-,-,-,200,0,101,0,0,0,38,0,0,115,0,0,0,0,0,0,0,0,0,0,0,0,0,0,0,0,0,0,0,0,0,0,0,0,0,0,0,0,0,0,0,200,-,-,-,-,-,-,-,-
201801021700+0900,-,-,-,189,0,34,0,0,0,37,0,0,146,0,0,0,0,0,0,0,0,0,0,0,0,0,0,0,0,0,0,0,0,0,0,0,0,0,0,0,0,0,0,0,189,-,-,-,-,-,-,-,-
201801021730+0900,-,-,-,226,0,43,0,0,0,38,0,0,154,0,0,0,0,0,0,0,0,0,0,0,0,0,0,0,0,0,0,0,0,0,0,0,0,0,0,0,0,0,0,0,226,-,-,-,-,-,-,-,-
201801021800+0900,-,-,-,315,0,115,0,0,0,23,59,0,147,0,0,0,0,0,0,0,0,0,0,0,0,0,0,0,0,0,0,0,0,0,0,0,0,0,0,0,0,0,0,0,315,-,-,-,-,-,-,-,-
201801021830+0900,-,-,-,279,0,101,0,0,0,50,33,0,129,3,0,0,0,0,0,0,0,0,0,0,0,0,0,0,0,0,0,0,0,0,0,0,0,0,0,0,0,0,0,0,279,-,-,-,-,-,-,-,-
201801021900+0900,-,-,-,266,0,129,0,0,0,42,73,0,53,16,0,0,0,0,0,0,0,0,0,0,0,0,0,0,0,0,0,0,0,0,0,0,0,0,0,0,0,0,0,0,266,-,-,-,-,-,-,-,-
201801021930+0900,-,-,-,217,0,139,0,0,0,10,77,0,1,16,0,0,0,0,0,0,0,0,0,0,0,0,0,0,0,0,0,0,0,0,0,0,0,0,0,0,0,0,0,0,217,-,-,-,-,-,-,-,-
201801022000+0900,-,-,-,243,0,154,0,0,0,16,58,0,25,16,0,0,0,0,0,0,0,0,0,0,0,0,0,0,0,0,0,0,0,0,0,0,0,0,0,0,0,0,0,0,243,-,-,-,-,-,-,-,-
201801022030+0900,-,-,-,495,0,155,0,1,135,18,30,0,209,7,0,0,0,0,0,0,0,0,0,0,0,0,0,0,0,0,0,0,0,0,0,0,0,0,0,0,0,0,0,0,495,-,-,-,-,-,-,-,-
201801022100+0900,-,-,-,637,0,144,0,0,285,0,0,0,101,0,0,0,0,0,0,0,0,0,0,0,0,0,0,0,0,0,0,0,0,0,0,0,0,0,0,0,0,0,0,0,637,-,-,-,-,-,-,-,-
201801022130+0900,-,-,-,622,0,120,0,3,263,0,0,0,159,0,0,0,0,0,0,0,0,0,0,0,0,0,0,0,0,0,0,0,0,0,0,0,0,0,0,0,0,0,0,0,622,-,-,-,-,-,-,-,-
201801022200+0900,-,-,-,523,0,78,0,0,180,0,0,0,198,0,0,0,0,0,0,0,0,0,0,0,0,0,0,0,0,0,0,0,0,0,0,0,0,0,0,0,0,0,0,0,523,-,-,-,-,-,-,-,-
201801022230+0900,-,-,-,401,0,153,0,0,0,0,0,0,177,0,0,0,0,0,0,0,0,0,0,0,0,0,0,0,0,0,0,0,0,0,0,0,0,0,0,0,0,0,0,0,401,-,-,-,-,-,-,-,-
201801022300+0900,-,-,-,381,0,127,0,2,0,0,0,0,20,0,0,0,0,0,0,0,0,0,0,0,0,0,0,0,0,0,0,0,0,0,0,0,0,0,0,0,0,0,0,0,381,-,-,-,-,-,-,-,-
201801022330+0900,-,-,-,151,0,19,0,7,0,0,0,0,2,0,0,0,0,0,0,0,0,0,0,0,0,0,0,0,0,0,0,0,0,0,0,0,0,0,0,0,0,0,0,0,151,-,-,-,-,-,-,-,-
201801030000+0900,-,-,-,125,0,49,0,0,0,0,0,0,9,0,0,0,0,0,0,0,0,0,0,0,0,0,0,0,0,0,0,0,0,0,0,0,0,0,0,0,0,0,0,0,125,-,-,-,-,-,-,-,-
201801030030+0900,-,-,-,91,0,38,0,0,0,0,0,0,9,0,0,0,0,0,0,0,0,0,0,0,0,0,0,0,0,0,0,0,0,0,0,0,0,0,0,0,0,0,0,0,91,-,-,-,-,-,-,-,-
201801030100+0900,-,-,-,93,0,77,0,0,0,0,0,0,0,0,0,0,0,0,0,0,0,0,0,0,0,0,0,0,0,0,0,0,0,0,0,0,0,0,0,0,0,0,0,0,93,-,-,-,-,-,-,-,-
201801030130+0900,-,-,-,86,0,59,0,0,0,0,0,0,0,0,0,0,0,0,0,0,0,0,0,0,0,0,0,0,0,0,0,0,0,0,0,0,0,0,0,0,0,0,0,0,86,-,-,-,-,-,-,-,-
201801030200+0900,-,-,-,95,0,84,0,0,0,0,0,0,0,0,0,0,0,0,0,0,0,0,0,0,0,0,0,0,0,0,0,0,0,0,0,0,0,0,0,0,0,0,0,0,95,-,-,-,-,-,-,-,-
201801030230+0900,-,-,-,87,0,60,0,0,0,0,0,0,0,0,0,0,0,0,0,0,0,0,0,0,0,0,0,0,0,0,0,0,0,0,0,0,0,0,0,0,0,0,0,0,87,-,-,-,-,-,-,-,-
201801030300+0900,-,-,-,87,0,65,0,0,0,0,0,0,0,0,0,0,0,0,0,0,0,0,0,0,0,0,0,0,0,0,0,0,0,0,0,0,0,0,0,0,0,0,0,0,87,-,-,-,-,-,-,-,-
201801030330+0900,-,-,-,92,0,69,0,0,0,0,0,0,0,0,0,0,0,0,0,0,0,0,0,0,0,0,0,0,0,0,0,0,0,0,0,0,0,0,0,0,0,0,0,0,92,-,-,-,-,-,-,-,-
201801030400+0900,-,-,-,72,0,15,0,0,0,0,0,0,0,0,0,0,0,0,0,0,0,0,0,0,0,0,0,0,0,0,0,0,0,0,0,0,0,0,0,0,0,0,0,0,72,-,-,-,-,-,-,-,-
201801030430+0900,-,-,-,108,0,100,0,0,0,0,0,0,0,0,0,0,0,0,0,0,0,0,0,0,0,0,0,0,0,0,0,0,0,0,0,0,0,0,0,0,0,0,0,0,108,-,-,-,-,-,-,-,-
201801030500+0900,-,-,-,97,0,78,0,0,0,0,0,0,5,0,0,0,0,0,0,0,0,0,0,0,0,0,0,0,0,0,0,0,0,0,0,0,0,0,0,0,0,0,0,0,97,-,-,-,-,-,-,-,-
201801030530+0900,-,-,-,81,0,20,0,0,0,0,0,0,16,0,0,0,0,0,0,0,0,0,0,0,0,0,0,0,0,0,0,0,0,0,0,0,0,0,0,0,0,0,0,0,81,-,-,-,-,-,-,-,-
201801030600+0900,-,-,-,82,0,25,0,0,0,0,0,0,16,0,0,0,0,0,0,0,0,0,0,0,0,0,0,0,0,0,0,0,0,0,0,0,0,0,0,0,0,0,0,0,82,-,-,-,-,-,-,-,-
201801030630+0900,-,-,-,89,0,18,0,1,0,0,30,0,16,0,0,0,0,0,0,0,0,0,0,0,0,0,0,0,0,0,0,0,0,0,0,0,0,0,0,0,0,0,0,0,89,-,-,-,-,-,-,-,-
201801030700+0900,-,-,-,219,0,71,0,0,0,247,41,0,11,0,0,0,0,0,0,0,0,0,0,0,0,0,0,0,0,0,0,0,0,0,0,0,0,0,0,0,0,0,0,0,219,-,-,-,-,-,-,-,-
201801030730+0900,-,-,-,152,0,68,0,0,0,6,121,0,12,5,0,0,0,0,0,0,0,0,0,0,0,0,0,0,0,0,0,0,0,0,0,0,0,0,0,0,0,0,0,0,152,-,-,-,-,-,-,-,-
201801030800+0900,-,-,-,142,0,87,0,0,0,2,34,0,43,0,0,0,0,0,0,0,0,0,0,0,0,0,0,0,0,0,0,0,0,0,0,0,0,0,0,0,0,0,0,0,142,-,-,-,-,-,-,-,-
201801030830+0900,-,-,-,152,0,118,0,0,0,2,7,0,43,0,0,0,0,0,0,0,0,0,0,0,0,0,0,0,0,0,0,0,0,0,0,0,0,0,0,0,0,0,0,0,152,-,-,-,-,-,-,-,-
201801030900+0900,-,-,-,106,0,26,0,0,0,0,0,0,46,27,0,0,0,0,0,0,0,0,0,0,0,0,0,0,0,0,0,0,0,0,0,0,0,0,0,0,0,0,0,0,106,-,-,-,-,-,-,-,-
201801030930+0900,-,-,-,88,0,22,0,0,0,0,0,0,46,0,0,0,0,0,0,0,0,0,0,0,0,0,0,0,0,0,0,0,0,0,0,0,0,0,0,0,0,0,0,0,88,-,-,-,-,-,-,-,-
201801031000+0900,-,-,-,115,0,77,0,0,0,0,0,0,45,0,0,0,0,0,0,0,0,0,0,0,0,0,0,0,0,0,0,0,0,0,0,0,0,0,0,0,0,0,0,0,115,-,-,-,-,-,-,-,-
201801031030+0900,-,-,-,122,0,46,0,0,0,0,0,0,47,0,0,0,0,0,0,0,0,0,0,0,0,0,0,0,0,0,0,0,0,0,0,0,0,0,0,0,0,0,0,0,122,-,-,-,-,-,-,-,-
201801031100+0900,-,-,-,76,0,12,0,0,0,0,0,0,46,0,0,0,0,0,0,0,0,0,0,0,0,0,0,0,0,0,0,0,0,0,0,0,0,0,0,0,0,0,0,0,76,-,-,-,-,-,-,-,-
201801031130+0900,-,-,-,91,0,47,0,0,0,0,0,0,46,0,0,0,0,0,0,0,0,0,0,0,0,0,0,0,0,0,0,0,0,0,0,0,0,0,0,0,0,0,0,0,91,-,-,-,-,-,-,-,-
201801031200+0900,-,-,-,133,0,40,0,0,0,9,155,0,47,0,0,0,0,0,0,0,0,0,0,0,0,0,0,0,0,0,0,0,0,0,0,0,0,0,0,0,0,0,0,0,133,-,-,-,-,-,-,-,-
201801031230+0900,-,-,-,81,0,31,0,0,0,0,3,0,46,0,0,0,0,0,0,0,0,0,0,0,0,0,0,0,0,0,0,0,0,0,0,0,0,0,0,0,0,0,0,0,81,-,-,-,-,-,-,-,-
201801031300+0900,-,-,-,101,0,45,0,0,0,0,0,0,47,0,0,0,0,0,0,0,0,0,0,0,0,0,0,0,0,0,0,0,0,0,0,0,0,0,0,0,0,0,0,0,101,-,-,-,-,-,-,-,-
201801031330+0900,-,-,-,99,0,23,0,0,0,0,2,0,47,0,0,0,0,0,0,0,0,0,0,0,0,0,0,0,0,0,0,0,0,0,0,0,0,0,0,0,0,0,0,0,99,-,-,-,-,-,-,-,-
201801031400+0900,-,-,-,121,0,42,0,0,0,0,2,0,44,0,0,0,0,0,0,0,0,0,0,0,0,0,0,0,0,0,0,0,0,0,0,0,0,0,0,0,0,0,0,0,121,-,-,-,-,-,-,-,-
201801031430+0900,-,-,-,95,0,11,0,0,0,0,0,0,47,0,0,0,0,0,0,0,0,0,0,0,0,0,0,0,0,0,0,0,0,0,0,0,0,0,0,0,0,0,0,0,95,-,-,-,-,-,-,-,-
201801031500+0900,-,-,-,124,0,31,0,0,0,0,42,0,51,0,0,0,0,0,0,0,0,0,0,0,0,0,0,0,0,0,0,0,0,0,0,0,0,0,0,0,0,0,0,0,124,-,-,-,-,-,-,-,-
201801031530+0900,-,-,-,105,0,27,0,0,0,0,14,0,48,0,0,0,0,0,0,0,0,0,0,0,0,0,0,0,0,0,0,0,0,0,0,0,0,0,0,0,0,0,0,0,105,-,-,-,-,-,-,-,-
201801031600+0900,-,-,-,100,0,38,0,0,0,0,0,0,23,0,0,0,0,0,0,0,0,0,0,0,0,0,0,0,0,0,0,0,0,0,0,0,0,0,0,0,0,0,0,0,100,-,-,-,-,-,-,-,-
201801031630+0900,-,-,-,89,0,27,0,0,0,0,0,0,0,0,0,0,0,0,0,0,0,0,0,0,0,0,0,0,0,0,0,0,0,0,0,0,0,0,0,0,0,0,0,0,89,-,-,-,-,-,-,-,-
201801031700+0900,-,-,-,88,0,22,0,0,0,0,0,0,0,0,0,0,0,0,0,0,0,0,0,0,0,0,0,0,0,0,0,0,0,0,0,0,0,0,0,0,0,0,0,0,88,-,-,-,-,-,-,-,-
201801031730+0900,-,-,-,94,0,39,0,0,0,0,0,0,0,0,0,0,0,0,0,0,0,0,0,0,0,0,0,0,0,0,0,0,0,0,0,0,0,0,0,0,0,0,0,0,94,-,-,-,-,-,-,-,-
201801031800+0900,-,-,-,82,0,13,0,0,0,0,0,0,0,0,0,0,0,0,0,0,0,0,0,0,0,0,0,0,0,0,0,0,0,0,0,0,0,0,0,0,0,0,0,0,82,-,-,-,-,-,-,-,-
201801031830+0900,-,-,-,96,0,41,0,0,0,0,0,0,0,0,0,0,0,0,0,0,0,0,0,0,0,0,0,0,0,0,0,0,0,0,0,0,0,0,0,0,0,0,0,0,96,-,-,-,-,-,-,-,-
201801031900+0900,-,-,-,86,0,12,0,0,2,0,1,0,0,1,0,0,0,0,0,0,0,0,0,0,0,0,0,0,0,0,0,0,0,0,0,0,0,0,0,0,0,0,0,0,86,-,-,-,-,-,-,-,-
201801031930+0900,-,-,-,799,0,156,0,0,314,0,87,0,136,0,0,0,0,0,0,0,0,0,0,0,0,0,0,0,0,0,0,0,0,0,0,0,0,0,0,0,0,0,0,0,799,-,-,-,-,-,-,-,-
201801032000+0900,-,-,-,698,0,95,0,0,294,22,47,0,99,0,0,0,0,0,0,0,0,0,0,0,0,0,0,0,0,0,0,0,0,0,0,0,0,0,0,0,0,0,0,0,698,-,-,-,-,-,-,-,-
201801032030+0900,-,-,-,519,0,120,0,22,155,13,8,0,139,0,0,0,0,0,0,0,0,0,0,0,0,0,0,0,0,0,0,0,0,0,0,0,0,0,0,0,0,0,0,0,519,-,-,-,-,-,-,-,-
201801032100+0900,-,-,-,561,0,64,0,0,261,0,0,0,31,0,0,0,0,0,0,0,0,0,0,0,0,0,0,0,0,0,0,0,0,0,0,0,0,0,0,0,0,0,0,0,561,-,-,-,-,-,-,-,-
201801032130+0900,-,-,-,252,0,85,0,0,28,0,0,0,0,0,0,0,0,0,0,0,0,0,0,0,0,0,0,0,0,0,0,0,0,0,0,0,0,0,0,0,0,0,0,0,252,-,-,-,-,-,-,-,-
201801032200+0900,-,-,-,212,0,119,0,0,0,0,0,0,0,0,0,0,0,0,0,0,0,0,0,0,0,0,0,0,0,0,0,0,0,0,0,0,0,0,0,0,0,0,0,0,212,-,-,-,-,-,-,-,-
201801032230+0900,-,-,-,207,0,65,0,7,0,0,0,0,0,0,0,0,0,0,0,0,0,0,0,0,0,0,0,0,0,0,0,0,0,0,0,0,0,0,0,0,0,0,0,0,207,-,-,-,-,-,-,-,-
201801032300+0900,-,-,-,86,0,42,0,0,0,0,0,0,0,0,0,0,0,0,0,0,0,0,0,0,0,0,0,0,0,0,0,0,0,0,0,0,0,0,0,0,0,0,0,0,86,-,-,-,-,-,-,-,-
201801032330+0900,-,-,-,89,0,65,0,0,0,0,0,0,0,0,0,0,0,0,0,0,0,0,0,0,0,0,0,0,0,0,0,0,0,0,0,0,0,0,0,0,0,0,0,0,89,-,-,-,-,-,-,-,-
201801040000+0900,-,-,-,88,0,61,0,0,0,0,0,0,9,0,0,0,0,0,0,0,0,0,0,0,0,0,0,0,0,0,0,0,0,0,0,0,0,0,0,0,0,0,0,0,88,-,-,-,-,-,-,-,-
201801040030+0900,-,-,-,99,0,82,0,0,0,0,0,0,9,0,0,0,0,0,0,0,0,0,0,0,0,0,0,0,0,0,0,0,0,0,0,0,0,0,0,0,0,0,0,0,99,-,-,-,-,-,-,-,-
201801040100+0900,-,-,-,85,0,62,0,0,0,0,0,0,0,0,0,0,0,0,0,0,0,0,0,0,0,0,0,0,0,0,0,0,0,0,0,0,0,0,0,0,0,0,0,0,85,-,-,-,-,-,-,-,-
201801040130+0900,-,-,-,87,0,63,0,0,0,0,0,0,0,0,0,0,0,0,0,0,0,0,0,0,0,0,0,0,0,0,0,0,0,0,0,0,0,0,0,0,0,0,0,0,87,-,-,-,-,-,-,-,-
201801040200+0900,-,-,-,94,0,74,0,0,0,0,0,0,0,0,0,0,0,0,0,0,0,0,0,0,0,0,0,0,0,0,0,0,0,0,0,0,0,0,0,0,0,0,0,0,94,-,-,-,-,-,-,-,-
201801040230+0900,-,-,-,84,0,59,0,0,0,0,0,0,0,0,0,0,0,0,0,0,0,0,0,0,0,0,0,0,0,0,0,0,0,0,0,0,0,0,0,0,0,0,0,0,84,-,-,-,-,-,-,-,-
201801040300+0900,-,-,-,100,0,84,0,0,0,0,0,0,0,0,0,0,0,0,0,0,0,0,0,0,0,0,0,0,0,0,0,0,0,0,0,0,0,0,0,0,0,0,0,0,100,-,-,-,-,-,-,-,-
201801040330+0900,-,-,-,88,0,69,0,0,0,0,0,0,0,0,0,0,0,0,0,0,0,0,0,0,0,0,0,0,0,0,0,0,0,0,0,0,0,0,0,0,0,0,0,0,88,-,-,-,-,-,-,-,-
201801040400+0900,-,-,-,117,0,129,0,0,0,0,0,0,0,0,0,0,0,0,0,0,0,0,0,0,0,0,0,0,0,0,0,0,0,0,0,0,0,0,0,0,0,0,0,0,117,-,-,-,-,-,-,-,-
201801040430+0900,-,-,-,118,0,127,0,0,0,0,0,0,0,0,0,0,0,0,0,0,0,0,0,0,0,0,0,0,0,0,0,0,0,0,0,0,0,0,0,0,0,0,0,0,118,-,-,-,-,-,-,-,-
201801040500+0900,-,-,-,75,0,21,0,0,0,0,0,0,5,0,0,0,0,0,0,0,0,0,0,0,0,0,0,0,0,0,0,0,0,0,0,0,0,0,0,0,0,0,0,0,75,-,-,-,-,-,-,-,-
201801040530+0900,-,-,-,104,0,16,0,1,0,34,32,0,22,0,0,0,0,0,0,0,0,0,0,0,0,0,0,0,0,0,0,0,0,0,0,0,0,0,0,0,0,0,0,0,104,-,-,-,-,-,-,-,-
201801040600+0900,-,-,-,254,0,60,0,1,0,194,217,0,18,0,0,0,0,0,0,0,0,0,0,0,0,0,0,0,0,0,0,0,0,0,0,0,0,0,0,0,0,0,0,0,254,-,-,-,-,-,-,-,-
201801040630+0900,-,-,-,193,0,20,0,3,0,28,273,0,1,4,0,0,0,0,0,0,0,0,0,0,0,0,0,0,0,0,0,0,0,0,0,0,0,0,0,0,0,0,0,0,193,-,-,-,-,-,-,-,-
201801040700+0900,-,-,-,117,0,36,0,0,0,4,34,0,0,0,0,0,0,0,0,0,0,0,0,0,0,0,0,0,0,0,0,0,0,0,0,0,0,0,0,0,0,0,0,0,117,-,-,-,-,-,-,-,-
201801040730+0900,-,-,-,123,0,72,0,3,0,0,33,0,0,0,0,0,0,0,0,0,0,0,0,0,0,0,0,0,0,0,0,0,0,0,0,0,0,0,0,0,0,0,0,0,123,-,-,-,-,-,-,-,-
201801040800+0900,-,-,-,109,0,39,0,0,0,0,34,0,0,0,0,0,0,0,0,0,0,0,0,0,0,0,0,0,0,0,0,0,0,0,0,0,0,0,0,0,0,0,0,0,109,-,-,-,-,-,-,-,-
201801040830+0900,-,-,-,79,0,33,0,0,0,0,6,0,0,0,0,0,0,0,0,0,0,0,0,0,0,0,0,0,0,0,0,0,0,0,0,0,0,0,0,0,0,0,0,0,79,-,-,-,-,-,-,-,-
201801040900+0900,-,-,-,86,0,39,0,0,0,0,0,0,0,0,0,0,0,0,0,0,0,0,0,0,0,0,0,0,0,0,0,0,0,0,0,0,0,0,0,0,0,0,0,0,86,-,-,-,-,-,-,-,-
201801040930+0900,-,-,-,75,0,26,0,0,0,0,0,0,0,0,0,0,0,0,0,0,0,0,0,0,0,0,0,0,0,0,0,0,0,0,0,0,0,0,0,0,0,0,0,0,75,-,-,-,-,-,-,-,-
201801041000+0900,-,-,-,85,0,42,0,0,0,0,0,0,0,0,0,0,0,0,0,0,0,0,0,0,0,0,0,0,0,0,0,0,0,0,0,0,0,0,0,0,0,0,0,0,85,-,-,-,-,-,-,-,-
201801041030+0900,-,-,-,73,0,20,0,0,0,0,0,0,0,0,0,0,0,0,0,0,0,0,0,0,0,0,0,0,0,0,0,0,0,0,0,0,0,0,0,0,0,0,0,0,73,-,-,-,-,-,-,-,-
201801041100+0900,-,-,-,66,0,15,0,0,0,0,0,0,0,0,0,0,0,0,0,0,0,0,0,0,0,0,0,0,0,0,0,0,0,0,0,0,0,0,0,0,0,0,0,0,66,-,-,-,-,-,-,-,-
201801041130+0900,-,-,-,78,0,47,0,0,0,0,0,0,0,0,0,0,0,0,0,0,0,0,0,0,0,0,0,0,0,0,0,0,0,0,0,0,0,0,0,0,0,0,0,0,78,-,-,-,-,-,-,-,-
201801041200+0900,-,-,-,63,0,16,0,0,0,0,0,0,0,0,0,0,0,0,0,0,0,0,0,0,0,0,0,0,0,0,0,0,0,0,0,0,0,0,0,0,0,0,0,0,63,-,-,-,-,-,-,-,-
201801041230+0900,-,-,-,63,0,13,0,0,0,0,0,0,0,0,0,0,0,0,0,0,0,0,0,0,0,0,0,0,0,0,0,0,0,0,0,0,0,0,0,0,0,0,0,0,63,-,-,-,-,-,-,-,-
201801041300+0900,-,-,-,75,0,39,0,0,0,0,0,0,0,0,0,0,0,0,0,0,0,0,0,0,0,0,0,0,0,0,0,0,0,0,0,0,0,0,0,0,0,0,0,0,75,-,-,-,-,-,-,-,-
201801041330+0900,-,-,-,75,0,13,0,0,0,0,39,0,0,0,0,0,0,0,0,0,0,0,0,0,0,0,0,0,0,0,0,0,0,0,0,0,0,0,0,0,0,0,0,0,75,-,-,-,-,-,-,-,-
201801041400+0900,-,-,-,168,0,47,0,0,0,153,28,0,0,0,0,0,0,0,0,0,0,0,0,0,0,0,0,0,0,0,0,0,0,0,0,0,0,0,0,0,0,0,0,0,168,-,-,-,-,-,-,-,-
201801041430+0900,-,-,-,78,0,26,0,0,0,0,7,0,0,0,0,0,0,0,0,0,0,0,0,0,0,0,0,0,0,0,0,0,0,0,0,0,0,0,0,0,0,0,0,0,78,-,-,-,-,-,-,-,-
201801041500+0900,-,-,-,90,0,44,0,0,0,6,0,0,0,0,0,0,0,0,0,0,0,0,0,0,0,0,0,0,0,0,0,0,0,0,0,0,0,0,0,0,0,0,0,0,90,-,-,-,-,-,-,-,-
201801041530+0900,-,-,-,74,0,15,0,0,0,9,0,0,0,0,0,0,0,0,0,0,0,0,0,0,0,0,0,0,0,0,0,0,0,0,0,0,0,0,0,0,0,0,0,0,74,-,-,-,-,-,-,-,-
201801041600+0900,-,-,-,85,0,37,0,0,0,9,0,0,0,0,0,0,0,0,0,0,0,0,0,0,0,0,0,0,0,0,0,0,0,0,0,0,0,0,0,0,0,0,0,0,85,-,-,-,-,-,-,-,-
201801041630+0900,-,-,-,79,0,17,0,0,0,10,0,0,0,0,0,0,0,0,0,0,0,0,0,0,0,0,0,0,0,0,0,0,0,0,0,0,0,0,0,0,0,0,0,0,79,-,-,-,-,-,-,-,-
201801041700+0900,-,-,-,89,0,39,0,0,0,9,3,0,0,0,0,0,0,0,0,0,0,0,0,0,0,0,0,0,0,0,0,0,0,0,0,0,0,0,0,0,0,0,0,0,89,-,-,-,-,-,-,-,-
201801041730+0900,-,-,-,118,0,43,0,0,0,7,64,0,0,0,0,0,0,0,0,0,0,0,0,0,0,0,0,0,0,0,0,0,0,0,0,0,0,0,0,0,0,0,0,0,118,-,-,-,-,-,-,-,-
201801041800+0900,-,-,-,238,0,40,0,2,0,14,86,0,0,0,0,0,0,0,0,0,0,0,0,0,0,0,0,0,0,0,0,0,0,0,0,0,0,0,0,0,0,0,0,0,238,-,-,-,-,-,-,-,-
201801041830+0900,-,-,-,314,0,45,0,0,0,41,358,0,0,0,0,0,0,0,0,0,0,0,0,0,0,0,0,0,0,0,0,0,0,0,0,0,0,0,0,0,0,0,0,0,314,-,-,-,-,-,-,-,-
201801041900+0900,-,-,-,221,0,66,0,2,0,20,31,0,0,0,0,0,0,0,0,0,0,0,0,0,0,0,0,0,0,0,0,0,0,0,0,0,0,0,0,0,0,0,0,0,221,-,-,-,-,-,-,-,-
201801041930+0900,-,-,-,203,0,46,0,5,0,19,50,0,1,0,0,0,0,0,0,0,0,0,0,0,0,0,0,0,0,0,0,0,0,0,0,0,0,0,0,0,0,0,0,0,203,-,-,-,-,-,-,-,-
201801042000+0900,-,-,-,230,0,237,0,0,0,0,26,0,1,0,0,0,0,0,0,0,0,0,0,0,0,0,0,0,0,0,0,0,0,0,0,0,0,0,0,0,0,0,0,0,230,-,-,-,-,-,-,-,-
201801042030+0900,-,-,-,380,0,240,0,3,108,0,0,0,0,0,0,0,0,0,0,0,0,0,0,0,0,0,0,0,0,0,0,0,0,0,0,0,0,0,0,0,0,0,0,0,380,-,-,-,-,-,-,-,-
201801042100+0900,-,-,-,572,0,106,0,0,282,0,0,0,0,0,0,0,0,0,0,0,0,0,0,0,0,0,0,0,0,0,0,0,0,0,0,0,0,0,0,0,0,0,0,0,572,-,-,-,-,-,-,-,-
201801042130+0900,-,-,-,470,0,94,0,0,183,1,0,0,94,0,0,0,0,0,0,0,0,0,0,0,0,0,0,0,0,0,0,0,0,0,0,0,0,0,0,0,0,0,0,0,470,-,-,-,-,-,-,-,-
201801042200+0900,-,-,-,725,0,136,0,0,261,0,0,0,83,0,0,0,0,0,0,0,0,0,0,0,0,0,0,0,0,0,0,0,0,0,0,0,0,0,0,0,0,0,0,0,725,-,-,-,-,-,-,-,-
201801042230+0900,-,-,-,275,0,55,0,19,18,0,0,0,60,0,0,0,0,0,0,0,0,0,0,0,0,0,0,0,0,0,0,0,0,0,0,0,0,0,0,0,0,0,0,0,275,-,-,-,-,-,-,-,-
201801042300+0900,-,-,-,227,0,46,0,0,0,0,0,0,22,0,0,0,0,0,0,0,0,0,0,0,0,0,0,0,0,0,0,0,0,0,0,0,0,0,0,0,0,0,0,0,227,-,-,-,-,-,-,-,-
201801042330+0900,-,-,-,109,0,15,0,0,0,0,0,0,21,0,0,0,0,0,0,0,0,0,0,0,0,0,0,0,0,0,0,0,0,0,0,0,0,0,0,0,0,0,0,0,109,-,-,-,-,-,-,-,-
201801050000+0900,-,-,-,122,0,37,0,0,0,0,0,0,17,0,0,0,0,0,0,0,0,0,0,0,0,0,0,0,0,0,0,0,0,0,0,0,0,0,0,0,0,0,0,0,122,-,-,-,-,-,-,-,-
201801050030+0900,-,-,-,96,0,18,0,0,0,0,0,0,9,0,0,0,0,0,0,0,0,0,0,0,0,0,0,0,0,0,0,0,0,0,0,0,0,0,0,0,0,0,0,0,96,-,-,-,-,-,-,-,-
201801050100+0900,-,-,-,86,0,49,0,0,0,0,0,0,0,0,0,0,0,0,0,0,0,0,0,0,0,0,0,0,0,0,0,0,0,0,0,0,0,0,0,0,0,0,0,0,86,-,-,-,-,-,-,-,-
201801050130+0900,-,-,-,75,0,19,0,0,0,0,0,0,0,0,0,0,0,0,0,0,0,0,0,0,0,0,0,0,0,0,0,0,0,0,0,0,0,0,0,0,0,0,0,0,75,-,-,-,-,-,-,-,-
201801050200+0900,-,-,-,82,0,36,0,0,0,0,0,0,0,0,0,0,0,0,0,0,0,0,0,0,0,0,0,0,0,0,0,0,0,0,0,0,0,0,0,0,0,0,0,0,82,-,-,-,-,-,-,-,-
201801050230+0900,-,-,-,71,0,14,0,0,0,0,0,0,0,0,0,0,0,0,0,0,0,0,0,0,0,0,0,0,0,0,0,0,0,0,0,0,0,0,0,0,0,0,0,0,71,-,-,-,-,-,-,-,-
201801050300+0900,-,-,-,86,0,40,0,0,0,0,0,0,0,0,0,0,0,0,0,0,0,0,0,0,0,0,0,0,0,0,0,0,0,0,0,0,0,0,0,0,0,0,0,0,86,-,-,-,-,-,-,-,-
201801050330+0900,-,-,-,74,0,22,0,0,0,0,0,0,0,0,0,0,0,0,0,0,0,0,0,0,0,0,0,0,0,0,0,0,0,0,0,0,0,0,0,0,0,0,0,0,74,-,-,-,-,-,-,-,-
201801050400+0900,-,-,-,110,0,117,0,0,0,0,0,0,0,0,0,0,0,0,0,0,0,0,0,0,0,0,0,0,0,0,0,0,0,0,0,0,0,0,0,0,0,0,0,0,110,-,-,-,-,-,-,-,-
201801050430+0900,-,-,-,86,0,37,0,0,0,0,0,0,0,0,0,0,0,0,0,0,0,0,0,0,0,0,0,0,0,0,0,0,0,0,0,0,0,0,0,0,0,0,0,0,86,-,-,-,-,-,-,-,-
201801050500+0900,-,-,-,115,0,38,0,0,0,0,105,0,5,0,0,0,0,0,0,0,0,0,0,0,0,0,0,0,0,0,0,0,0,0,0,0,0,0,0,0,0,0,0,0,115,-,-,-,-,-,-,-,-
201801050530+0900,-,-,-,118,0,14,0,7,0,0,98,0,25,0,0,0,0,0,0,0,0,0,0,0,0,0,0,0,0,0,0,0,0,0,0,0,0,0,0,0,0,0,0,0,118,-,-,-,-,-,-,-,-
201801050600+0900,-,-,-,221,0,117,0,2,0,237,53,0,20,3,0,0,0,0,0,0,0,0,0,0,0,0,0,0,0,0,0,0,0,0,0,0,0,0,0,0,0,0,0,0,221,-,-,-,-,-,-,-,-
201801050630+0900,-,-,-,202,0,180,0,5,0,95,83,0,0,5,0,0,0,0,0,0,0,0,0,0,0,0,0,0,0,0,0,0,0,0,0,0,0,0,0,0,0,0,0,0,202,-,-,-,-,-,-,-,-
201801050700+0900,-,-,-,225,0,226,0,0,0,133,38,0,0,0,0,0,0,0,0,0,0,0,0,0,0,0,0,0,0,0,0,0,0,0,0,0,0,0,0,0,0,0,0,0,225,-,-,-,-,-,-,-,-
201801050730+0900,-,-,-,181,0,216,0,4,0,0,35,0,0,0,0,0,0,0,0,0,0,0,0,0,0,0,0,0,0,0,0,0,0,0,0,0,0,0,0,0,0,0,0,0,181,-,-,-,-,-,-,-,-
201801050800+0900,-,-,-,126,0,112,0,0,0,0,35,0,0,0,0,0,0,0,0,0,0,0,0,0,0,0,0,0,0,0,0,0,0,0,0,0,0,0,0,0,0,0,0,0,126,-,-,-,-,-,-,-,-
201801050830+0900,-,-,-,98,0,30,0,0,0,5,34,0,0,0,0,0,0,0,0,0,0,0,0,0,0,0,0,0,0,0,0,0,0,0,0,0,0,0,0,0,0,0,0,0,98,-,-,-,-,-,-,-,-
201801050900+0900,-,-,-,96,0,37,0,0,0,7,33,0,0,0,0,0,0,0,0,0,0,0,0,0,0,0,0,0,0,0,0,0,0,0,0,0,0,0,0,0,0,0,0,0,96,-,-,-,-,-,-,-,-
201801050930+0900,-,-,-,101,0,31,0,0,0,9,34,0,0,0,0,0,0,0,0,0,0,0,0,0,0,0,0,0,0,0,0,0,0,0,0,0,0,0,0,0,0,0,0,0,101,-,-,-,-,-,-,-,-
201801051000+0900,-,-,-,102,0,62,0,0,0,7,34,0,0,0,0,0,0,0,0,0,0,0,0,0,0,0,0,0,0,0,0,0,0,0,0,0,0,0,0,0,0,0,0,0,102,-,-,-,-,-,-,-,-
201801051030+0900,-,-,-,88,0,34,0,0,0,2,18,0,0,0,0,0,0,0,0,0,0,0,0,0,0,0,0,0,0,0,0,0,0,0,0,0,0,0,0,0,0,0,0,0,88,-,-,-,-,-,-,-,-
201801051100+0900,-,-,-,69,0,30,0,0,0,0,0,0,0,0,0,0,0,0,0,0,0,0,0,0,0,0,0,0,0,0,0,0,0,0,0,0,0,0,0,0,0,0,0,0,69,-,-,-,-,-,-,-,-
201801051130+0900,-,-,-,76,0,48,0,0,0,0,0,0,0,0,0,0,0,0,0,0,0,0,0,0,0,0,0,0,0,0,0,0,0,0,0,0,0,0,0,0,0,0,0,0,76,-,-,-,-,-,-,-,-
201801051200+0900,-,-,-,65,0,22,0,0,0,0,0,0,0,0,0,0,0,0,0,0,0,0,0,0,0,0,0,0,0,0,0,0,0,0,0,0,0,0,0,0,0,0,0,0,65,-,-,-,-,-,-,-,-
201801051230+0900,-,-,-,73,0,39,0,0,0,0,0,0,0,0,0,0,0,0,0,0,0,0,0,0,0,0,0,0,0,0,0,0,0,0,0,0,0,0,0,0,0,0,0,0,73,-,-,-,-,-,-,-,-
201801051300+0900,-,-,-,61,0,12,0,0,0,0,0,0,0,0,0,0,0,0,0,0,0,0,0,0,0,0,0,0,0,0,0,0,0,0,0,0,0,0,0,0,0,0,0,0,61,-,-,-,-,-,-,-,-
201801051330+0900,-,-,-,74,0,40,0,0,0,0,0,0,0,0,0,0,0,0,0,0,0,0,0,0,0,0,0,0,0,0,0,0,0,0,0,0,0,0,0,0,0,0,0,0,74,-,-,-,-,-,-,-,-
201801051400+0900,-,-,-,90,0,18,0,0,0,0,0,0,0,0,0,0,0,0,0,0,0,0,0,0,0,0,0,0,0,0,0,0,0,0,0,0,0,0,0,0,0,0,0,0,90,-,-,-,-,-,-,-,-
201801051430+0900,-,-,-,90,0,42,0,0,0,0,3,0,0,0,0,0,0,0,0,0,0,0,0,0,0,0,0,0,0,0,0,0,0,0,0,0,0,0,0,0,0,0,0,0,90,-,-,-,-,-,-,-,-
201801051500+0900,-,-,-,74,0,12,0,0,0,0,2,0,0,0,0,0,0,0,0,0,0,0,0,0,0,0,0,0,0,0,0,0,0,0,0,0,0,0,0,0,0,0,0,0,74,-,-,-,-,-,-,-,-
201801051530+0900,-,-,-,83,0,37,0,0,0,0,0,0,0,0,0,0,0,0,0,0,0,0,0,0,0,0,0,0,0,0,0,0,0,0,0,0,0,0,0,0,0,0,0,0,83,-,-,-,-,-,-,-,-
201801051600+0900,-,-,-,72,0,11,0,0,0,0,0,0,0,0,0,0,0,0,0,0,0,0,0,0,0,0,0,0,0,0,0,0,0,0,0,0,0,0,0,0,0,0,0,0,72,-,-,-,-,-,-,-,-
201801051630+0900,-,-,-,83,0,41,0,0,0,0,0,0,0,0,0,0,0,0,0,0,0,0,0,0,0,0,0,0,0,0,0,0,0,0,0,0,0,0,0,0,0,0,0,0,83,-,-,-,-,-,-,-,-
201801051700+0900,-,-,-,113,0,16,0,2,0,83,43,0,0,0,0,0,0,0,0,0,0,0,0,0,0,0,0,0,0,0,0,0,0,0,0,0,0,0,0,0,0,0,0,0,113,-,-,-,-,-,-,-,-
201801051730+0900,-,-,-,106,0,41,0,0,0,33,27,0,0,0,0,0,0,0,0,0,0,0,0,0,0,0,0,0,0,0,0,0,0,0,0,0,0,0,0,0,0,0,0,0,106,-,-,-,-,-,-,-,-
201801051800+0900,-,-,-,79,0,15,0,0,0,0,22,0,0,0,0,0,0,0,0,0,0,0,0,0,0,0,0,0,0,0,0,0,0,0,0,0,0,0,0,0,0,0,0,0,79,-,-,-,-,-,-,-,-
201801051830+0900,-,-,-,90,0,40,0,0,0,3,22,0,0,0,0,0,0,0,0,0,0,0,0,0,0,0,0,0,0,0,0,0,0,0,0,0,0,0,0,0,0,0,0,0,90,-,-,-,-,-,-,-,-
201801051900+0900,-,-,-,300,0,15,0,0,0,8,296,0,0,0,0,0,0,0,0,0,0,0,0,0,0,0,0,0,0,0,0,0,0,0,0,0,0,0,0,0,0,0,0,0,300,-,-,-,-,-,-,-,-
201801051930+0900,-,-,-,256,0,105,0,0,0,7,66,0,0,0,0,0,0,0,0,0,0,0,0,0,0,0,0,0,0,0,0,0,0,0,0,0,0,0,0,0,0,0,0,0,256,-,-,-,-,-,-,-,-
201801052000+0900,-,-,-,238,0,99,0,4,0,11,31,0,0,0,0,0,0,0,0,0,0,0,0,0,0,0,0,0,0,0,0,0,0,0,0,0,0,0,0,0,0,0,0,0,238,-,-,-,-,-,-,-,-
201801052030+0900,-,-,-,234,0,247,0,0,0,0,0,0,0,0,0,0,0,0,0,0,0,0,0,0,0,0,0,0,0,0,0,0,0,0,0,0,0,0,0,0,0,0,0,0,234,-,-,-,-,-,-,-,-
201801052100+0900,-,-,-,522,0,227,0,7,217,0,0,0,0,0,0,0,0,0,0,0,0,0,0,0,0,0,0,0,0,0,0,0,0,0,0,0,0,0,0,0,0,0,0,0,522,-,-,-,-,-,-,-,-
201801052130+0900,-,-,-,573,0,72,0,0,265,0,1,0,108,0,0,0,0,0,0,0,0,0,0,0,0,0,0,0,0,0,0,0,0,0,0,0,0,0,0,0,0,0,0,0,573,-,-,-,-,-,-,-,-
201801052200+0900,-,-,-,543,0,107,0,0,225,0,0,0,96,0,0,0,0,0,0,0,0,0,0,0,0,0,0,0,0,0,0,0,0,0,0,0,0,0,0,0,0,0,0,0,543,-,-,-,-,-,-,-,-
201801052230+0900,-,-,-,365,0,97,0,6,89,0,0,0,130,0,0,0,0,0,0,0,0,0,0,0,0,0,0,0,0,0,0,0,0,0,0,0,0,0,0,0,0,0,0,0,365,-,-,-,-,-,-,-,-
201801052300+0900,-,-,-,135,0,17,0,0,0,0,0,0,154,0,0,0,0,0,0,0,0,0,0,0,0,0,0,0,0,0,0,0,0,0,0,0,0,0,0,0,0,0,0,0,135,-,-,-,-,-,-,-,-
201801052330+0900,-,-,-,92,0,37,0,0,0,0,0,0,9,0,0,0,0,0,0,0,0,0,0,0,0,0,0,0,0,0,0,0,0,0,0,0,0,0,0,0,0,0,0,0,92,-,-,-,-,-,-,-,-
201801060000+0900,-,-,-,75,0,18,0,0,0,0,0,0,11,0,0,0,0,0,0,0,0,0,0,0,0,0,0,0,0,0,0,0,0,0,0,0,0,0,0,0,0,0,0,0,75,-,-,-,-,-,-,-,-
201801060030+0900,-,-,-,86,0,40,0,0,0,0,0,0,8,0,0,0,0,0,0,0,0,0,0,0,0,0,0,0,0,0,0,0,0,0,0,0,0,0,0,0,0,0,0,0,86,-,-,-,-,-,-,-,-
201801060100+0900,-,-,-,79,0,33,0,0,0,0,0,0,0,0,0,0,0,0,0,0,0,0,0,0,0,0,0,0,0,0,0,0,0,0,0,0,0,0,0,0,0,0,0,0,79,-,-,-,-,-,-,-,-
201801060130+0900,-,-,-,82,0,38,0,0,0,0,0,0,0,0,0,0,0,0,0,0,0,0,0,0,0,0,0,0,0,0,0,0,0,0,0,0,0,0,0,0,0,0,0,0,82,-,-,-,-,-,-,-,-
201801060200+0900,-,-,-,73,0,15,0,0,0,0,0,0,0,0,0,0,0,0,0,0,0,0,0,0,0,0,0,0,0,0,0,0,0,0,0,0,0,0,0,0,0,0,0,0,73,-,-,-,-,-,-,-,-
201801060230+0900,-,-,-,84,0,35,0,0,0,0,0,0,0,0,0,0,0,0,0,0,0,0,0,0,0,0,0,0,0,0,0,0,0,0,0,0,0,0,0,0,0,0,0,0,84,-,-,-,-,-,-,-,-
201801060300+0900,-,-,-,75,0,22,0,0,0,0,0,0,0,0,0,0,0,0,0,0,0,0,0,0,0,0,0,0,0,0,0,0,0,0,0,0,0,0,0,0,0,0,0,0,75,-,-,-,-,-,-,-,-
201801060330+0900,-,-,-,83,0,40,0,0,0,0,0,0,0,0,0,0,0,0,0,0,0,0,0,0,0,0,0,0,0,0,0,0,0,0,0,0,0,0,0,0,0,0,0,0,83,-,-,-,-,-,-,-,-
201801060400+0900,-,-,-,102,0,92,0,0,0,0,0,0,0,0,0,0,0,0,0,0,0,0,0,0,0,0,0,0,0,0,0,0,0,0,0,0,0,0,0,0,0,0,0,0,102,-,-,-,-,-,-,-,-
201801060430+0900,-,-,-,96,0,63,0,0,0,0,0,0,0,0,0,0,0,0,0,0,0,0,0,0,0,0,0,0,0,0,0,0,0,0,0,0,0,0,0,0,0,0,0,0,96,-,-,-,-,-,-,-,-
201801060500+0900,-,-,-,76,0,12,0,0,0,0,0,0,5,0,0,0,0,0,0,0,0,0,0,0,0,0,0,0,0,0,0,0,0,0,0,0,0,0,0,0,0,0,0,0,76,-,-,-,-,-,-,-,-
201801060530+0900,-,-,-,87,0,41,0,0,0,0,0,0,16,0,0,0,0,0,0,0,0,0,0,0,0,0,0,0,0,0,0,0,0,0,0,0,0,0,0,0,0,0,0,0,87,-,-,-,-,-,-,-,-
201801060600+0900,-,-,-,89,0,60,0,0,0,0,0,0,15,0,0,0,0,0,0,0,0,0,0,0,0,0,0,0,0,0,0,0,0,0,0,0,0,0,0,0,0,0,0,0,89,-,-,-,-,-,-,-,-
201801060630+0900,-,-,-,147,0,78,0,11,0,44,48,0,30,0,0,0,0,0,0,0,0,0,0,0,0,0,0,0,0,0,0,0,0,0,0,0,0,0,0,0,0,0,0,0,147,-,-,-,-,-,-,-,-
201801060700+0900,-,-,-,228,0,64,0,1,0,287,75,0,21,5,0,0,0,0,0,0,0,0,0,0,0,0,0,0,0,0,0,0,0,0,0,0,0,0,0,0,0,0,0,0,228,-,-,-,-,-,-,-,-
201801060730+0900,-,-,-,141,0,73,0,0,0,33,33,0,28,0,0,0,0,0,0,0,0,0,0,0,0,0,0,0,0,0,0,0,0,0,0,0,0,0,0,0,0,0,0,0,141,-,-,-,-,-,-,-,-
201801060800+0900,-,-,-,175,0,89,0,0,0,14,33,0,117,0,0,0,0,0,0,0,0,0,0,0,0,0,0,0,0,0,0,0,0,0,0,0,0,0,0,0,0,0,0,0,175,-,-,-,-,-,-,-,-
201801060830+0900,-,-,-,138,0,51,0,0,0,0,17,0,125,0,0,0,0,0,0,0,0,0,0,0,0,0,0,0,0,0,0,0,0,0,0,0,0,0,0,0,0,0,0,0,138,-,-,-,-,-,-,-,-
201801060900+0900,-,-,-,83,0,17,0,0,0,0,0,0,36,0,0,0,0,0,0,0,0,0,0,0,0,0,0,0,0,0,0,0,0,0,0,0,0,0,0,0,0,0,0,0,83,-,-,-,-,-,-,-,-
201801060930+0900,-,-,-,84,0,40,0,0,0,0,0,0,0,0,0,0,0,0,0,0,0,0,0,0,0,0,0,0,0,0,0,0,0,0,0,0,0,0,0,0,0,0,0,0,84,-,-,-,-,-,-,-,-
201801061000+0900,-,-,-,76,0,21,0,0,0,0,0,0,0,0,0,0,0,0,0,0,0,0,0,0,0,0,0,0,0,0,0,0,0,0,0,0,0,0,0,0,0,0,0,0,76,-,-,-,-,-,-,-,-
201801061030+0900,-,-,-,84,0,36,0,0,0,0,0,0,0,0,0,0,0,0,0,0,0,0,0,0,0,0,0,0,0,0,0,0,0,0,0,0,0,0,0,0,0,0,0,0,84,-,-,-,-,-,-,-,-
201801061100+0900,-,-,-,67,0,14,0,0,0,0,0,0,0,0,0,0,0,0,0,0,0,0,0,0,0,0,0,0,0,0,0,0,0,0,0,0,0,0,0,0,0,0,0,0,67,-,-,-,-,-,-,-,-
201801061130+0900,-,-,-,81,0,29,0,0,0,0,0,0,40,0,0,0,0,0,0,0,0,0,0,0,0,0,0,0,0,0,0,0,0,0,0,0,0,0,0,0,0,0,0,0,81,-,-,-,-,-,-,-,-
201801061200+0900,-,-,-,202,0,29,0,0,0,0,385,0,46,0,0,0,0,0,0,0,0,0,0,0,0,0,0,0,0,0,0,0,0,0,0,0,0,0,0,0,0,0,0,0,202,-,-,-,-,-,-,-,-
201801061230+0900,-,-,-,101,0,49,0,0,0,0,41,0,41,0,0,0,0,0,0,0,0,0,0,0,0,0,0,0,0,0,0,0,0,0,0,0,0,0,0,0,0,0,0,0,101,-,-,-,-,-,-,-,-
201801061300+0900,-,-,-,79,0,19,0,0,0,0,0,0,44,0,0,0,0,0,0,0,0,0,0,0,0,0,0,0,0,0,0,0,0,0,0,0,0,0,0,0,0,0,0,0,79,-,-,-,-,-,-,-,-
201801061330+0900,-,-,-,87,0,43,0,0,0,0,3,0,46,0,0,0,0,0,0,0,0,0,0,0,0,0,0,0,0,0,0,0,0,0,0,0,0,0,0,0,0,0,0,0,87,-,-,-,-,-,-,-,-
201801061400+0900,-,-,-,146,0,27,0,0,0,73,48,0,50,0,0,0,0,0,0,0,0,0,0,0,0,0,0,0,0,0,0,0,0,0,0,0,0,0,0,0,0,0,0,0,146,-,-,-,-,-,-,-,-
201801061430+0900,-,-,-,121,0,41,0,0,0,4,30,0,52,0,0,0,0,0,0,0,0,0,0,0,0,0,0,0,0,0,0,0,0,0,0,0,0,0,0,0,0,0,0,0,121,-,-,-,-,-,-,-,-
201801061500+0900,-,-,-,95,0,21,0,0,0,8,8,0,51,0,0,0,0,0,0,0,0,0,0,0,0,0,0,0,0,0,0,0,0,0,0,0,0,0,0,0,0,0,0,0,95,-,-,-,-,-,-,-,-
201801061530+0900,-,-,-,107,0,44,0,0,0,9,0,0,47,0,0,0,0,0,0,0,0,0,0,0,0,0,0,0,0,0,0,0,0,0,0,0,0,0,0,0,0,0,0,0,107,-,-,-,-,-,-,-,-
201801061600+0900,-,-,-,91,0,27,0,0,0,10,0,0,47,0,0,0,0,0,0,0,0,0,0,0,0,0,0,0,0,0,0,0,0,0,0,0,0,0,0,0,0,0,0,0,91,-,-,-,-,-,-,-,-
201801061630+0900,-,-,-,101,0,42,0,0,0,8,0,0,45,0,0,0,0,0,0,0,0,0,0,0,0,0,0,0,0,0,0,0,0,0,0,0,0,0,0,0,0,0,0,0,101,-,-,-,-,-,-,-,-
201801061700+0900,-,-,-,108,0,18,0,0,0,9,11,0,76,0,0,0,0,0,0,0,0,0,0,0,0,0,0,0,0,0,0,0,0,0,0,0,0,0,0,0,0,0,0,0,108,-,-,-,-,-,-,-,-
201801061730+0900,-,-,-,164,0,46,0,0,0,34,65,0,105,0,0,0,0,0,0,0,0,0,0,0,0,0,0,0,0,0,0,0,0,0,0,0,0,0,0,0,0,0,0,0,164,-,-,-,-,-,-,-,-
201801061800+0900,-,-,-,149,0,46,0,0,0,38,35,0,105,0,0,0,0,0,0,0,0,0,0,0,0,0,0,0,0,0,0,0,0,0,0,0,0,0,0,0,0,0,0,0,149,-,-,-,-,-,-,-,-
201801061830+0900,-,-,-,366,0,58,0,0,0,20,444,0,100,0,0,0,0,0,0,0,0,0,0,0,0,0,0,0,0,0,0,0,0,0,0,0,0,0,0,0,0,0,0,0,366,-,-,-,-,-,-,-,-
201801061900+0900,-,-,-,262,0,70,0,0,0,15,100,0,75,0,0,0,0,0,0,0,0,0,0,0,0,0,0,0,0,0,0,0,0,0,0,0,0,0,0,0,0,0,0,0,262,-,-,-,-,-,-,-,-
201801061930+0900,-,-,-,466,0,135,0,2,138,17,27,0,133,0,0,0,0,0,0,0,0,0,0,0,0,0,0,0,0,0,0,0,0,0,0,0,0,0,0,0,0,0,0,0,466,-,-,-,-,-,-,-,-
201801062000+0900,-,-,-,653,0,219,0,0,280,0,0,0,145,0,0,0,0,0,0,0,0,0,0,0,0,0,0,0,0,0,0,0,0,0,0,0,0,0,0,0,0,0,0,0,653,-,-,-,-,-,-,-,-
201801062030+0900,-,-,-,583,0,179,0,5,231,0,0,0,172,0,0,0,0,0,0,0,0,0,0,0,0,0,0,0,0,0,0,0,0,0,0,0,0,0,0,0,0,0,0,0,583,-,-,-,-,-,-,-,-
201801062100+0900,-,-,-,546,0,86,0,0,221,0,0,0,177,0,0,0,0,0,0,0,0,0,0,0,0,0,0,0,0,0,0,0,0,0,0,0,0,0,0,0,0,0,0,0,546,-,-,-,-,-,-,-,-
201801062130+0900,-,-,-,267,0,109,0,0,0,0,1,0,180,0,0,0,0,0,0,0,0,0,0,0,0,0,0,0,0,0,0,0,0,0,0,0,0,0,0,0,0,0,0,0,267,-,-,-,-,-,-,-,-
201801062200+0900,-,-,-,280,0,135,0,0,0,0,0,0,241,0,0,0,0,0,0,0,0,0,0,0,0,0,0,0,0,0,0,0,0,0,0,0,0,0,0,0,0,0,0,0,280,-,-,-,-,-,-,-,-
201801062230+0900,-,-,-,297,0,176,0,0,0,0,0,0,245,0,0,0,0,0,0,0,0,0,0,0,0,0,0,0,0,0,0,0,0,0,0,0,0,0,0,0,0,0,0,0,297,-,-,-,-,-,-,-,-
201801062300+0900,-,-,-,370,0,111,0,11,0,0,0,0,251,0,0,0,0,0,0,0,0,0,0,0,0,0,0,0,0,0,0,0,0,0,0,0,0,0,0,0,0,0,0,0,370,-,-,-,-,-,-,-,-
201801062330+0900,-,-,-,238,0,38,0,1,0,0,0,0,189,2,0,0,0,0,0,0,0,0,0,0,0,0,0,0,0,0,0,0,0,0,0,0,0,0,0,0,0,0,0,0,238,-,-,-,-,-,-,-,-
201801070000+0900,-,-,-,218,0,40,0,0,0,0,0,0,25,0,0,0,0,0,0,0,0,0,0,0,0,0,0,0,0,0,0,0,0,0,0,0,0,0,0,0,0,0,0,0,218,-,-,-,-,-,-,-,-
201801070030+0900,-,-,-,122,0,64,0,0,0,0,0,0,13,0,0,0,0,0,0,0,0,0,0,0,0,0,0,0,0,0,0,0,0,0,0,0,0,0,0,0,0,0,0,0,122,-,-,-,-,-,-,-,-
201801070100+0900,-,-,-,132,0,78,0,0,0,0,0,0,0,0,0,0,0,0,0,0,0,0,0,0,0,0,0,0,0,0,0,0,0,0,0,0,0,0,0,0,0,0,0,0,132,-,-,-,-,-,-,-,-
201801070130+0900,-,-,-,106,0,58,0,0,0,0,0,0,0,0,0,0,0,0,0,0,0,0,0,0,0,0,0,0,0,0,0,0,0,0,0,0,0,0,0,0,0,0,0,0,106,-,-,-,-,-,-,-,-
201801070200+0900,-,-,-,92,0,76,0,0,0,0,0,0,0,0,0,0,0,0,0,0,0,0,0,0,0,0,0,0,0,0,0,0,0,0,0,0,0,0,0,0,0,0,0,0,92,-,-,-,-,-,-,-,-
201801070230+0900,-,-,-,84,0,59,0,0,0,0,0,0,0,0,0,0,0,0,0,0,0,0,0,0,0,0,0,0,0,0,0,0,0,0,0,0,0,0,0,0,0,0,0,0,84,-,-,-,-,-,-,-,-
201801070300+0900,-,-,-,94,0,79,0,0,0,0,0,0,0,0,0,0,0,0,0,0,0,0,0,0,0,0,0,0,0,0,0,0,0,0,0,0,0,0,0,0,0,0,0,0,94,-,-,-,-,-,-,-,-
201801070330+0900,-,-,-,86,0,59,0,3,0,0,0,0,0,5,0,0,0,0,0,0,0,0,0,0,0,0,0,0,0,0,0,0,0,0,0,0,0,0,0,0,0,0,0,0,86,-,-,-,-,-,-,-,-
201801070400+0900,-,-,-,96,0,77,0,0,0,0,0,0,0,0,0,0,0,0,0,0,0,0,0,0,0,0,0,0,0,0,0,0,0,0,0,0,0,0,0,0,0,0,0,0,96,-,-,-,-,-,-,-,-
201801070430+0900,-,-,-,108,0,129,0,0,0,0,0,0,0,0,0,0,0,0,0,0,0,0,0,0,0,0,0,0,0,0,0,0,0,0,0,0,0,0,0,0,0,0,0,0,108,-,-,-,-,-,-,-,-
201801070500+0900,-,-,-,101,0,94,0,0,0,0,0,0,5,0,0,0,0,0,0,0,0,0,0,0,0,0,0,0,0,0,0,0,0,0,0,0,0,0,0,0,0,0,0,0,101,-,-,-,-,-,-,-,-
201801070530+0900,-,-,-,148,0,57,0,0,0,0,200,0,15,0,0,0,0,0,0,0,0,0,0,0,0,0,0,0,0,0,0,0,0,0,0,0,0,0,0,0,0,0,0,0,148,-,-,-,-,-,-,-,-
201801070600+0900,-,-,-,104,0,73,0,0,0,0,17,0,17,0,0,0,0,0,0,0,0,0,0,0,0,0,0,0,0,0,0,0,0,0,0,0,0,0,0,0,0,0,0,0,104,-,-,-,-,-,-,-,-
201801070630+0900,-,-,-,93,0,60,0,0,0,0,13,0,16,0,0,0,0,0,0,0,0,0,0,0,0,0,0,0,0,0,0,0,0,0,0,0,0,0,0,0,0,0,0,0,93,-,-,-,-,-,-,-,-
201801070700+0900,-,-,-,135,0,63,0,8,0,45,61,0,17,0,0,0,0,0,0,0,0,0,0,0,0,0,0,0,0,0,0,0,0,0,0,0,0,0,0,0,0,0,0,0,135,-,-,-,-,-,-,-,-
201801070730+0900,-,-,-,232,0,124,0,2,0,183,45,0,16,13,0,0,0,0,0,0,0,0,0,0,0,0,0,0,0,0,0,0,0,0,0,0,0,0,0,0,0,0,0,0,232,-,-,-,-,-,-,-,-
201801070800+0900,-,-,-,131,0,98,0,0,0,17,37,0,2,0,0,0,0,0,0,0,0,0,0,0,0,0,0,0,0,0,0,0,0,0,0,0,0,0,0,0,0,0,0,0,131,-,-,-,-,-,-,-,-
201801070830+0900,-,-,-,158,0,93,0,0,0,5,33,0,45,0,0,0,0,0,0,0,0,0,0,0,0,0,0,0,0,0,0,0,0,0,0,0,0,0,0,0,0,0,0,0,158,-,-,-,-,-,-,-,-
201801070900+0900,-,-,-,137,0,71,0,0,0,8,30,0,47,0,0,0,0,0,0,0,0,0,0,0,0,0,0,0,0,0,0,0,0,0,0,0,0,0,0,0,0,0,0,0,137,-,-,-,-,-,-,-,-
201801070930+0900,-,-,-,157,0,59,0,0,0,9,25,0,94,0,0,0,0,0,0,0,0,0,0,0,0,0,0,0,0,0,0,0,0,0,0,0,0,0,0,0,0,0,0,0,157,-,-,-,-,-,-,-,-
201801071000+0900,-,-,-,138,0,29,0,0,0,9,33,0,80,0,0,0,0,0,0,0,0,0,0,0,0,0,0,0,0,0,0,0,0,0,0,0,0,0,0,0,0,0,0,0,138,-,-,-,-,-,-,-,-
201801071030+0900,-,-,-,115,0,32,0,0,0,9,32,0,30,0,0,0,0,0,0,0,0,0,0,0,0,0,0,0,0,0,0,0,0,0,0,0,0,0,0,0,0,0,0,0,115,-,-,-,-,-,-,-,-
201801071100+0900,-,-,-,268,0,65,0,0,99,30,49,0,30,0,0,0,0,0,0,0,0,0,0,0,0,0,0,0,0,0,0,0,0,0,0,0,0,0,0,0,0,0,0,0,268,-,-,-,-,-,-,-,-
201801071130+0900,-,-,-,160,0,28,0,0,0,9,206,0,31,0,0,0,0,0,0,0,0,0,0,0,0,0,0,0,0,0,0,0,0,0,0,0,0,0,0,0,0,0,0,0,160,-,-,-,-,-,-,-,-
201801071200+0900,-,-,-,113,0,68,0,0,0,3,15,0,29,0,0,0,0,0,0,0,0,0,0,0,0,0,0,0,0,0,0,0,0,0,0,0,0,0,0,0,0,0,0,0,113,-,-,-,-,-,-,-,-
201801071230+0900,-,-,-,120,0,19,0,0,0,73,44,0,30,0,0,0,0,0,0,0,0,0,0,0,0,0,0,0,0,0,0,0,0,0,0,0,0,0,0,0,0,0,0,0,120,-,-,-,-,-,-,-,-
201801071300+0900,-,-,-,99,0,40,0,0,0,1,13,0,37,0,0,0,0,0,0,0,0,0,0,0,0,0,0,0,0,0,0,0,0,0,0,0,0,0,0,0,0,0,0,0,99,-,-,-,-,-,-,-,-
201801071330+0900,-,-,-,102,0,35,0,0,0,7,0,0,68,0,0,0,0,0,0,0,0,0,0,0,0,0,0,0,0,0,0,0,0,0,0,0,0,0,0,0,0,0,0,0,102,-,-,-,-,-,-,-,-
201801071400+0900,-,-,-,127,0,22,0,0,0,9,0,0,68,0,0,0,0,0,0,0,0,0,0,0,0,0,0,0,0,0,0,0,0,0,0,0,0,0,0,0,0,0,0,0,127,-,-,-,-,-,-,-,-
201801071430+0900,-,-,-,117,0,31,0,0,0,9,0,0,68,0,0,0,0,0,0,0,0,0,0,0,0,0,0,0,0,0,0,0,0,0,0,0,0,0,0,0,0,0,0,0,117,-,-,-,-,-,-,-,-
201801071500+0900,-,-,-,124,0,17,0,0,0,9,0,0,110,0,0,0,0,0,0,0,0,0,0,0,0,0,0,0,0,0,0,0,0,0,0,0,0,0,0,0,0,0,0,0,124,-,-,-,-,-,-,-,-
201801071530+0900,-,-,-,167,0,44,0,0,0,9,0,0,180,0,0,0,0,0,0,0,0,0,0,0,0,0,0,0,0,0,0,0,0,0,0,0,0,0,0,0,0,0,0,0,167,-,-,-,-,-,-,-,-
201801071600+0900,-,-,-,150,0,16,0,0,0,10,0,0,161,0,0,0,0,0,0,0,0,0,0,0,0,0,0,0,0,0,0,0,0,0,0,0,0,0,0,0,0,0,0,0,150,-,-,-,-,-,-,-,-
201801071630+0900,-,-,-,159,0,40,0,0,0,9,0,0,157,0,0,0,0,0,0,0,0,0,0,0,0,0,0,0,0,0,0,0,0,0,0,0,0,0,0,0,0,0,0,0,159,-,-,-,-,-,-,-,-
201801071700+0900,-,-,-,154,0,13,0,0,0,9,0,0,168,0,0,0,0,0,0,0,0,0,0,0,0,0,0,0,0,0,0,0,0,0,0,0,0,0,0,0,0,0,0,0,154,-,-,-,-,-,-,-,-
201801071730+0900,-,-,-,158,0,39,0,0,0,9,12,0,154,0,0,0,0,0,0,0,0,0,0,0,0,0,0,0,0,0,0,0,0,0,0,0,0,0,0,0,0,0,0,0,158,-,-,-,-,-,-,-,-
201801071800+0900,-,-,-,112,0,21,0,0,0,9,28,0,32,0,0,0,0,0,0,0,0,0,0,0,0,0,0,0,0,0,0,0,0,0,0,0,0,0,0,0,0,0,0,0,112,-,-,-,-,-,-,-,-
201801071830+0900,-,-,-,96,0,24,0,0,0,9,0,0,31,0,0,0,0,0,0,0,0,0,0,0,0,0,0,0,0,0,0,0,0,0,0,0,0,0,0,0,0,0,0,0,96,-,-,-,-,-,-,-,-
201801071900+0900,-,-,-,106,0,33,0,0,0,10,0,0,30,0,0,0,0,0,0,0,0,0,0,0,0,0,0,0,0,0,0,0,0,0,0,0,0,0,0,0,0,0,0,0,106,-,-,-,-,-,-,-,-
201801071930+0900,-,-,-,192,0,37,0,1,41,26,45,0,30,0,0,0,0,0,0,0,0,0,0,0,0,0,0,0,0,0,0,0,0,0,0,0,0,0,0,0,0,0,0,0,192,-,-,-,-,-,-,-,-
201801072000+0900,-,-,-,780,0,138,0,4,307,79,39,0,72,0,0,0,0,0,0,0,0,0,0,0,0,0,0,0,0,0,0,0,0,0,0,0,0,0,0,0,0,0,0,0,780,-,-,-,-,-,-,-,-
201801072030+0900,-,-,-,614,0,105,0,0,264,0,0,0,135,0,0,0,0,0,0,0,0,0,0,0,0,0,0,0,0,0,0,0,0,0,0,0,0,0,0,0,0,0,0,0,614,-,-,-,-,-,-,-,-
201801072100+0900,-,-,-,607,0,92,0,2,259,0,0,0,134,0,0,0,0,0,0,0,0,0,0,0,0,0,0,0,0,0,0,0,0,0,0,0,0,0,0,0,0,0,0,0,607,-,-,-,-,-,-,-,-
201801072130+0900,-,-,-,376,0,83,0,0,79,0,0,0,182,0,0,0,0,0,0,0,0,0,0,0,0,0,0,0,0,0,0,0,0,0,0,0,0,0,0,0,0,0,0,0,376,-,-,-,-,-,-,-,-
201801072200+0900,-,-,-,276,0,76,0,0,0,0,0,0,170,0,0,0,0,0,0,0,0,0,0,0,0,0,0,0,0,0,0,0,0,0,0,0,0,0,0,0,0,0,0,0,276,-,-,-,-,-,-,-,-
201801072230+0900,-,-,-,237,0,87,0,0,0,0,0,0,169,0,0,0,0,0,0,0,0,0,0,0,0,0,0,0,0,0,0,0,0,0,0,0,0,0,0,0,0,0,0,0,237,-,-,-,-,-,-,-,-
201801072300+0900,-,-,-,181,0,57,0,3,0,0,0,0,164,0,0,0,0,0,0,0,0,0,0,0,0,0,0,0,0,0,0,0,0,0,0,0,0,0,0,0,0,0,0,0,181,-,-,-,-,-,-,-,-
201801072330+0900,-,-,-,111,0,16,0,0,0,0,0,0,99,1,0,0,0,0,0,0,0,0,0,0,0,0,0,0,0,0,0,0,0,0,0,0,0,0,0,0,0,0,0,0,111,-,-,-,-,-,-,-,-
201801080000+0900,-,-,-,88,0,44,0,0,0,0,0,0,18,0,0,0,0,0,0,0,0,0,0,0,0,0,0,0,0,0,0,0,0,0,0,0,0,0,0,0,0,0,0,0,88,-,-,-,-,-,-,-,-
201801080030+0900,-,-,-,78,0,15,0,0,0,0,0,0,11,0,0,0,0,0,0,0,0,0,0,0,0,0,0,0,0,0,0,0,0,0,0,0,0,0,0,0,0,0,0,0,78,-,-,-,-,-,-,-,-
201801080100+0900,-,-,-,90,0,46,0,0,0,0,0,0,0,0,0,0,0,0,0,0,0,0,0,0,0,0,0,0,0,0,0,0,0,0,0,0,0,0,0,0,0,0,0,0,90,-,-,-,-,-,-,-,-
201801080130+0900,-,-,-,75,0,18,0,0,0,0,0,0,0,0,0,0,0,0,0,0,0,0,0,0,0,0,0,0,0,0,0,0,0,0,0,0,0,0,0,0,0,0,0,0,75,-,-,-,-,-,-,-,-
201801080200+0900,-,-,-,83,0,38,0,0,0,0,0,0,0,0,0,0,0,0,0,0,0,0,0,0,0,0,0,0,0,0,0,0,0,0,0,0,0,0,0,0,0,0,0,0,83,-,-,-,-,-,-,-,-
201801080230+0900,-,-,-,74,0,18,0,0,0,0,0,0,0,0,0,0,0,0,0,0,0,0,0,0,0,0,0,0,0,0,0,0,0,0,0,0,0,0,0,0,0,0,0,0,74,-,-,-,-,-,-,-,-
201801080300+0900,-,-,-,88,0,39,0,0,0,0,0,0,0,0,0,0,0,0,0,0,0,0,0,0,0,0,0,0,0,0,0,0,0,0,0,0,0,0,0,0,0,0,0,0,88,-,-,-,-,-,-,-,-
201801080330+0900,-,-,-,71,0,11,0,0,0,0,0,0,0,0,0,0,0,0,0,0,0,0,0,0,0,0,0,0,0,0,0,0,0,0,0,0,0,0,0,0,0,0,0,0,71,-,-,-,-,-,-,-,-
201801080400+0900,-,-,-,85,0,45,0,0,0,0,0,0,0,0,0,0,0,0,0,0,0,0,0,0,0,0,0,0,0,0,0,0,0,0,0,0,0,0,0,0,0,0,0,0,85,-,-,-,-,-,-,-,-
201801080430+0900,-,-,-,75,0,19,0,0,0,0,0,0,0,0,0,0,0,0,0,0,0,0,0,0,0,0,0,0,0,0,0,0,0,0,0,0,0,0,0,0,0,0,0,0,75,-,-,-,-,-,-,-,-
201801080500+0900,-,-,-,90,0,56,0,0,0,0,0,0,5,0,0,0,0,0,0,0,0,0,0,0,0,0,0,0,0,0,0,0,0,0,0,0,0,0,0,0,0,0,0,0,90,-,-,-,-,-,-,-,-
201801080530+0900,-,-,-,114,0,102,0,0,0,0,0,0,15,0,0,0,0,0,0,0,0,0,0,0,0,0,0,0,0,0,0,0,0,0,0,0,0,0,0,0,0,0,0,0,114,-,-,-,-,-,-,-,-
201801080600+0900,-,-,-,78,0,15,0,0,0,0,0,0,16,0,0,0,0,0,0,0,0,0,0,0,0,0,0,0,0,0,0,0,0,0,0,0,0,0,0,0,0,0,0,0,78,-,-,-,-,-,-,-,-
201801080630+0900,-,-,-,90,0,31,0,0,0,0,0,0,22,0,0,0,0,0,0,0,0,0,0,0,0,0,0,0,0,0,0,0,0,0,0,0,0,0,0,0,0,0,0,0,90,-,-,-,-,-,-,-,-
201801080700+0900,-,-,-,182,0,21,0,6,0,227,58,0,15,0,0,0,0,0,0,0,0,0,0,0,0,0,0,0,0,0,0,0,0,0,0,0,0,0,0,0,0,0,0,0,182,-,-,-,-,-,-,-,-
201801080730+0900,-,-,-,122,0,52,0,0,0,1,36,0,0,7,0,0,0,0,0,0,0,0,0,0,0,0,0,0,0,0,0,0,0,0,0,0,0,0,0,0,0,0,0,0,122,-,-,-,-,-,-,-,-
201801080800+0900,-,-,-,143,0,92,0,0,0,5,34,0,37,0,0,0,0,0,0,0,0,0,0,0,0,0,0,0,0,0,0,0,0,0,0,0,0,0,0,0,0,0,0,0,143,-,-,-,-,-,-,-,-
201801080830+0900,-,-,-,298,0,254,0,0,0,8,12,0,43,0,0,0,0,0,0,0,0,0,0,0,0,0,0,0,0,0,0,0,0,0,0,0,0,0,0,0,0,0,0,0,298,-,-,-,-,-,-,-,-
201801080900+0900,-,-,-,273,0,279,0,5,0,10,0,0,45,0,0,0,0,0,0,0,0,0,0,0,0,0,0,0,0,0,0,0,0,0,0,0,0,0,0,0,0,0,0,0,273,-,-,-,-,-,-,-,-
201801080930+0900,-,-,-,310,0,290,0,0,0,9,0,0,46,29,0,0,0,0,0,0,0,0,0,0,0,0,0,0,0,0,0,0,0,0,0,0,0,0,0,0,0,0,0,0,310,-,-,-,-,-,-,-,-
201801081000+0900,-,-,-,184,0,36,0,11,0,9,8,0,48,0,0,0,0,0,0,0,0,0,0,0,0,0,0,0,0,0,0,0,0,0,0,0,0,0,0,0,0,0,0,0,184,-,-,-,-,-,-,-,-
201801081030+0900,-,-,-,151,0,42,0,0,0,9,0,0,47,0,0,0,0,0,0,0,0,0,0,0,0,0,0,0,0,0,0,0,0,0,0,0,0,0,0,0,0,0,0,0,151,-,-,-,-,-,-,-,-
201801081100+0900,-,-,-,143,0,39,0,0,0,9,0,0,46,0,0,0,0,0,0,0,0,0,0,0,0,0,0,0,0,0,0,0,0,0,0,0,0,0,0,0,0,0,0,0,143,-,-,-,-,-,-,-,-
201801081130+0900,-,-,-,167,0,64,0,0,0,9,9,0,46,0,0,0,0,0,0,0,0,0,0,0,0,0,0,0,0,0,0,0,0,0,0,0,0,0,0,0,0,0,0,0,167,-,-,-,-,-,-,-,-
201801081200+0900,-,-,-,154,0,37,0,0,0,29,171,0,41,0,0,0,0,0,0,0,0,0,0,0,0,0,0,0,0,0,0,0,0,0,0,0,0,0,0,0,0,0,0,0,154,-,-,-,-,-,-,-,-
201801081230+0900,-,-,-,130,0,56,0,0,0,5,20,0,100,0,0,0,0,0,0,0,0,0,0,0,0,0,0,0,0,0,0,0,0,0,0,0,0,0,0,0,0,0,0,0,130,-,-,-,-,-,-,-,-
201801081300+0900,-,-,-,94,0,13,0,0,0,0,0,0,64,0,0,0,0,0,0,0,0,0,0,0,0,0,0,0,0,0,0,0,0,0,0,0,0,0,0,0,0,0,0,0,94,-,-,-,-,-,-,-,-
201801081330+0900,-,-,-,101,0,46,0,0,0,0,6,0,48,0,0,0,0,0,0,0,0,0,0,0,0,0,0,0,0,0,0,0,0,0,0,0,0,0,0,0,0,0,0,0,101,-,-,-,-,-,-,-,-
201801081400+0900,-,-,-,110,0,69,0,0,0,0,14,0,49,0,0,0,0,0,0,0,0,0,0,0,0,0,0,0,0,0,0,0,0,0,0,0,0,0,0,0,0,0,0,0,110,-,-,-,-,-,-,-,-
201801081430+0900,-,-,-,112,0,78,0,0,0,0,0,0,52,0,0,0,0,0,0,0,0,0,0,0,0,0,0,0,0,0,0,0,0,0,0,0,0,0,0,0,0,0,0,0,112,-,-,-,-,-,-,-,-
201801081500+0900,-,-,-,91,0,12,0,0,0,0,0,0,53,0,0,0,0,0,0,0,0,0,0,0,0,0,0,0,0,0,0,0,0,0,0,0,0,0,0,0,0,0,0,0,91,-,-,-,-,-,-,-,-
201801081530+0900,-,-,-,99,0,39,0,0,0,0,0,0,52,0,0,0,0,0,0,0,0,0,0,0,0,0,0,0,0,0,0,0,0,0,0,0,0,0,0,0,0,0,0,0,99,-,-,-,-,-,-,-,-
201801081600+0900,-,-,-,134,0,21,0,0,0,0,0,0,162,0,0,0,0,0,0,0,0,0,0,0,0,0,0,0,0,0,0,0,0,0,0,0,0,0,0,0,0,0,0,0,134,-,-,-,-,-,-,-,-
201801081630+0900,-,-,-,185,0,55,0,0,0,59,59,0,153,0,0,0,0,0,0,0,0,0,0,0,0,0,0,0,0,0,0,0,0,0,0,0,0,0,0,0,0,0,0,0,185,-,-,-,-,-,-,-,-
201801081700+0900,-,-,-,198,0,26,0,0,0,183,32,0,149,0,0,0,0,0,0,0,0,0,0,0,0,0,0,0,0,0,0,0,0,0,0,0,0,0,0,0,0,0,0,0,198,-,-,-,-,-,-,-,-
201801081730+0900,-,-,-,182,0,69,0,0,0,26,35,0,148,0,0,0,0,0,0,0,0,0,0,0,0,0,0,0,0,0,0,0,0,0,0,0,0,0,0,0,0,0,0,0,182,-,-,-,-,-,-,-,-
201801081800+0900,-,-,-,247,0,33,0,0,0,15,320,0,114,0,0,0,0,0,0,0,0,0,0,0,0,0,0,0,0,0,0,0,0,0,0,0,0,0,0,0,0,0,0,0,247,-,-,-,-,-,-,-,-
201801081830+0900,-,-,-,260,0,50,0,9,0,18,28,0,123,2,0,0,0,0,0,0,0,0,0,0,0,0,0,0,0,0,0,0,0,0,0,0,0,0,0,0,0,0,0,0,260,-,-,-,-,-,-,-,-
201801081900+0900,-,-,-,563,0,153,0,0,225,4,27,0,146,0,0,0,0,0,0,0,0,0,0,0,0,0,0,0,0,0,0,0,0,0,0,0,0,0,0,0,0,0,0,0,563,-,-,-,-,-,-,-,-
201801081930+0900,-,-,-,626,0,137,0,0,283,0,0,0,119,0,0,0,0,0,0,0,0,0,0,0,0,0,0,0,0,0,0,0,0,0,0,0,0,0,0,0,0,0,0,0,626,-,-,-,-,-,-,-,-
201801082000+0900,-,-,-,563,0,74,0,0,220,1,9,0,81,0,0,0,0,0,0,0,0,0,0,0,0,0,0,0,0,0,0,0,0,0,0,0,0,0,0,0,0,0,0,0,563,-,-,-,-,-,-,-,-
201801082030+0900,-,-,-,603,0,87,0,15,211,0,0,0,117,0,0,0,0,0,0,0,0,0,0,0,0,0,0,0,0,0,0,0,0,0,0,0,0,0,0,0,0,0,0,0,603,-,-,-,-,-,-,-,-
201801082100+0900,-,-,-,328,0,94,0,0,0,0,0,0,112,0,0,0,0,0,0,0,0,0,0,0,0,0,0,0,0,0,0,0,0,0,0,0,0,0,0,0,0,0,0,0,328,-,-,-,-,-,-,-,-
201801082130+0900,-,-,-,270,0,95,0,0,0,0,1,0,63,0,0,0,0,0,0,0,0,0,0,0,0,0,0,0,0,0,0,0,0,0,0,0,0,0,0,0,0,0,0,0,270,-,-,-,-,-,-,-,-
201801082200+0900,-,-,-,146,0,35,0,3,0,0,0,0,19,0,0,0,0,0,0,0,0,0,0,0,0,0,0,0,0,0,0,0,0,0,0,0,0,0,0,0,0,0,0,0,146,-,-,-,-,-,-,-,-
201801082230+0900,-,-,-,105,0,40,0,0,0,0,0,0,14,0,0,0,0,0,0,0,0,0,0,0,0,0,0,0,0,0,0,0,0,0,0,0,0,0,0,0,0,0,0,0,105,-,-,-,-,-,-,-,-
201801082300+0900,-,-,-,74,0,25,0,0,0,0,0,0,0,0,0,0,0,0,0,0,0,0,0,0,0,0,0,0,0,0,0,0,0,0,0,0,0,0,0,0,0,0,0,0,74,-,-,-,-,-,-,-,-
201801082330+0900,-,-,-,89,0,48,0,0,0,0,0,0,0,0,0,0,0,0,0,0,0,0,0,0,0,0,0,0,0,0,0,0,0,0,0,0,0,0,0,0,0,0,0,0,89,-,-,-,-,-,-,-,-
201801090000+0900,-,-,-,73,0,13,0,0,0,0,0,0,9,0,0,0,0,0,0,0,0,0,0,0,0,0,0,0,0,0,0,0,0,0,0,0,0,0,0,0,0,0,0,0,73,-,-,-,-,-,-,-,-
201801090030+0900,-,-,-,85,0,40,0,0,0,0,0,0,3,0,0,0,0,0,0,0,0,0,0,0,0,0,0,0,0,0,0,0,0,0,0,0,0,0,0,0,0,0,0,0,85,-,-,-,-,-,-,-,-
201801090100+0900,-,-,-,79,0,37,0,0,0,0,0,0,0,0,0,0,0,0,0,0,0,0,0,0,0,0,0,0,0,0,0,0,0,0,0,0,0,0,0,0,0,0,0,0,79,-,-,-,-,-,-,-,-
201801090130+0900,-,-,-,86,0,47,0,3,0,0,0,0,0,4,0,0,0,0,0,0,0,0,0,0,0,0,0,0,0,0,0,0,0,0,0,0,0,0,0,0,0,0,0,0,86,-,-,-,-,-,-,-,-
201801090200+0900,-,-,-,77,0,19,0,0,0,0,0,0,0,0,0,0,0,0,0,0,0,0,0,0,0,0,0,0,0,0,0,0,0,0,0,0,0,0,0,0,0,0,0,0,77,-,-,-,-,-,-,-,-
201801090230+0900,-,-,-,81,0,40,0,0,0,0,0,0,0,0,0,0,0,0,0,0,0,0,0,0,0,0,0,0,0,0,0,0,0,0,0,0,0,0,0,0,0,0,0,0,81,-,-,-,-,-,-,-,-
201801090300+0900,-,-,-,71,0,16,0,0,0,0,0,0,0,0,0,0,0,0,0,0,0,0,0,0,0,0,0,0,0,0,0,0,0,0,0,0,0,0,0,0,0,0,0,0,71,-,-,-,-,-,-,-,-
201801090330+0900,-,-,-,88,0,46,0,0,0,0,0,0,0,0,0,0,0,0,0,0,0,0,0,0,0,0,0,0,0,0,0,0,0,0,0,0,0,0,0,0,0,0,0,0,88,-,-,-,-,-,-,-,-
201801090400+0900,-,-,-,78,0,37,0,0,0,0,0,0,0,0,0,0,0,0,0,0,0,0,0,0,0,0,0,0,0,0,0,0,0,0,0,0,0,0,0,0,0,0,0,0,78,-,-,-,-,-,-,-,-
201801090430+0900,-,-,-,114,0,110,0,0,0,0,0,0,0,0,0,0,0,0,0,0,0,0,0,0,0,0,0,0,0,0,0,0,0,0,0,0,0,0,0,0,0,0,0,0,114,-,-,-,-,-,-,-,-
201801090500+0900,-,-,-,72,0,11,0,0,0,0,0,0,5,0,0,0,0,0,0,0,0,0,0,0,0,0,0,0,0,0,0,0,0,0,0,0,0,0,0,0,0,0,0,0,72,-,-,-,-,-,-,-,-
201801090530+0900,-,-,-,128,0,46,0,0,0,37,46,0,22,0,0,0,0,0,0,0,0,0,0,0,0,0,0,0,0,0,0,0,0,0,0,0,0,0,0,0,0,0,0,0,128,-,-,-,-,-,-,-,-
201801090600+0900,-,-,-,179,0,31,0,0,0,188,77,0,15,4,0,0,0,0,0,0,0,0,0,0,0,0,0,0,0,0,0,0,0,0,0,0,0,0,0,0,0,0,0,0,179,-,-,-,-,-,-,-,-
201801090630+0900,-,-,-,144,0,46,0,4,0,25,49,0,0,0,0,0,0,0,0,0,0,0,0,0,0,0,0,0,0,0,0,0,0,0,0,0,0,0,0,0,0,0,0,0,144,-,-,-,-,-,-,-,-
201801090700+0900,-,-,-,112,0,19,0,0,0,21,31,0,0,0,0,0,0,0,0,0,0,0,0,0,0,0,0,0,0,0,0,0,0,0,0,0,0,0,0,0,0,0,0,0,112,-,-,-,-,-,-,-,-
201801090730+0900,-,-,-,146,0,48,0,5,0,97,28,0,0,0,0,0,0,0,0,0,0,0,0,0,0,0,0,0,0,0,0,0,0,0,0,0,0,0,0,0,0,0,0,0,146,-,-,-,-,-,-,-,-
201801090800+0900,-,-,-,105,0,45,0,0,0,7,51,0,0,0,0,0,0,0,0,0,0,0,0,0,0,0,0,0,0,0,0,0,0,0,0,0,0,0,0,0,0,0,0,0,105,-,-,-,-,-,-,-,-
201801090830+0900,-,-,-,96,0,46,0,0,0,0,4,0,0,0,0,0,0,0,0,0,0,0,0,0,0,0,0,0,0,0,0,0,0,0,0,0,0,0,0,0,0,0,0,0,96,-,-,-,-,-,-,-,-
201801090900+0900,-,-,-,70,0,14,0,0,0,0,0,0,0,0,0,0,0,0,0,0,0,0,0,0,0,0,0,0,0,0,0,0,0,0,0,0,0,0,0,0,0,0,0,0,70,-,-,-,-,-,-,-,-
201801090930+0900,-,-,-,84,0,40,0,0,0,0,0,0,0,0,0,0,0,0,0,0,0,0,0,0,0,0,0,0,0,0,0,0,0,0,0,0,0,0,0,0,0,0,0,0,84,-,-,-,-,-,-,-,-
201801091000+0900,-,-,-,72,0,14,0,0,0,0,0,0,0,0,0,0,0,0,0,0,0,0,0,0,0,0,0,0,0,0,0,0,0,0,0,0,0,0,0,0,0,0,0,0,72,-,-,-,-,-,-,-,-
201801091030+0900,-,-,-,79,0,33,0,0,0,0,0,0,0,0,0,0,0,0,0,0,0,0,0,0,0,0,0,0,0,0,0,0,0,0,0,0,0,0,0,0,0,0,0,0,79,-,-,-,-,-,-,-,-
201801091100+0900,-,-,-,71,0,34,0,0,0,0,0,0,0,0,0,0,0,0,0,0,0,0,0,0,0,0,0,0,0,0,0,0,0,0,0,0,0,0,0,0,0,0,0,0,71,-,-,-,-,-,-,-,-
201801091130+0900,-,-,-,62,0,16,0,0,0,0,0,0,0,0,0,0,0,0,0,0,0,0,0,0,0,0,0,0,0,0,0,0,0,0,0,0,0,0,0,0,0,0,0,0,62,-,-,-,-,-,-,-,-
201801091200+0900,-,-,-,77,0,46,0,0,0,0,0,0,0,0,0,0,0,0,0,0,0,0,0,0,0,0,0,0,0,0,0,0,0,0,0,0,0,0,0,0,0,0,0,0,77,-,-,-,-,-,-,-,-
201801091230+0900,-,-,-,62,0,14,0,0,0,0,0,0,0,0,0,0,0,0,0,0,0,0,0,0,0,0,0,0,0,0,0,0,0,0,0,0,0,0,0,0,0,0,0,0,62,-,-,-,-,-,-,-,-
201801091300+0900,-,-,-,70,0,25,0,0,0,0,0,0,0,0,0,0,0,0,0,0,0,0,0,0,0,0,0,0,0,0,0,0,0,0,0,0,0,0,0,0,0,0,0,0,70,-,-,-,-,-,-,-,-
201801091330+0900,-,-,-,66,0,20,0,0,0,0,0,0,0,0,0,0,0,0,0,0,0,0,0,0,0,0,0,0,0,0,0,0,0,0,0,0,0,0,0,0,0,0,0,0,66,-,-,-,-,-,-,-,-
201801091400+0900,-,-,-,93,0,19,0,0,0,0,0,0,0,0,0,0,0,0,0,0,0,0,0,0,0,0,0,0,0,0,0,0,0,0,0,0,0,0,0,0,0,0,0,0,93,-,-,-,-,-,-,-,-
201801091430+0900,-,-,-,83,0,38,0,0,0,0,0,0,0,0,0,0,0,0,0,0,0,0,0,0,0,0,0,0,0,0,0,0,0,0,0,0,0,0,0,0,0,0,0,0,83,-,-,-,-,-,-,-,-
201801091500+0900,-,-,-,75,0,13,0,0,0,0,0,0,0,0,0,0,0,0,0,0,0,0,0,0,0,0,0,0,0,0,0,0,0,0,0,0,0,0,0,0,0,0,0,0,75,-,-,-,-,-,-,-,-
201801091530+0900,-,-,-,83,0,33,0,0,0,0,0,0,0,0,0,0,0,0,0,0,0,0,0,0,0,0,0,0,0,0,0,0,0,0,0,0,0,0,0,0,0,0,0,0,83,-,-,-,-,-,-,-,-
201801091600+0900,-,-,-,76,0,14,0,0,0,0,0,0,0,0,0,0,0,0,0,0,0,0,0,0,0,0,0,0,0,0,0,0,0,0,0,0,0,0,0,0,0,0,0,0,76,-,-,-,-,-,-,-,-
201801091630+0900,-,-,-,101,0,23,0,13,0,0,51,0,0,0,0,0,0,0,0,0,0,0,0,0,0,0,0,0,0,0,0,0,0,0,0,0,0,0,0,0,0,0,0,0,101,-,-,-,-,-,-,-,-
201801091700+0900,-,-,-,155,0,218,0,0,0,0,16,0,0,0,0,0,0,0,0,0,0,0,0,0,0,0,0,0,0,0,0,0,0,0,0,0,0,0,0,0,0,0,0,0,155,-,-,-,-,-,-,-,-
201801091730+0900,-,-,-,147,0,230,0,0,0,0,0,0,0,0,0,0,0,0,0,0,0,0,0,0,0,0,0,0,0,0,0,0,0,0,0,0,0,0,0,0,0,0,0,0,147,-,-,-,-,-,-,-,-
201801091800+0900,-,-,-,173,0,279,0,0,0,0,25,0,0,0,0,0,0,0,0,0,0,0,0,0,0,0,0,0,0,0,0,0,0,0,0,0,0,0,0,0,0,0,0,0,173,-,-,-,-,-,-,-,-
201801091830+0900,-,-,-,335,0,85,0,0,0,106,46,0,0,4,0,0,0,0,0,0,0,0,0,0,0,0,0,0,0,0,0,0,0,0,0,0,0,0,0,0,0,0,0,0,335,-,-,-,-,-,-,-,-
201801091900+0900,-,-,-,235,0,41,0,1,0,11,33,0,0,0,0,0,0,0,0,0,0,0,0,0,0,0,0,0,0,0,0,0,0,0,0,0,0,0,0,0,0,0,0,0,235,-,-,-,-,-,-,-,-
201801091930+0900,-,-,-,217,0,22,0,0,0,10,26,0,0,0,0,0,0,0,0,0,0,0,0,0,0,0,0,0,0,0,0,0,0,0,0,0,0,0,0,0,0,0,0,0,217,-,-,-,-,-,-,-,-
201801092000+0900,-,-,-,198,0,29,0,0,0,0,26,0,1,0,0,0,0,0,0,0,0,0,0,0,0,0,0,0,0,0,0,0,0,0,0,0,0,0,0,0,0,0,0,0,198,-,-,-,-,-,-,-,-
201801092030+0900,-,-,-,575,0,126,0,9,270,0,0,0,0,0,0,0,0,0,0,0,0,0,0,0,0,0,0,0,0,0,0,0,0,0,0,0,0,0,0,0,0,0,0,0,575,-,-,-,-,-,-,-,-
201801092100+0900,-,-,-,566,0,106,0,0,266,0,0,0,0,0,0,0,0,0,0,0,0,0,0,0,0,0,0,0,0,0,0,0,0,0,0,0,0,0,0,0,0,0,0,0,566,-,-,-,-,-,-,-,-
201801092130+0900,-,-,-,567,0,96,0,2,260,0,0,0,0,0,0,0,0,0,0,0,0,0,0,0,0,0,0,0,0,0,0,0,0,0,0,0,0,0,0,0,0,0,0,0,567,-,-,-,-,-,-,-,-
201801092200+0900,-,-,-,391,0,39,0,0,156,0,4,0,67,0,0,0,0,0,0,0,0,0,0,0,0,0,0,0,0,0,0,0,0,0,0,0,0,0,0,0,0,0,0,0,391,-,-,-,-,-,-,-,-
201801092230+0900,-,-,-,116,0,38,0,0,0,0,0,0,84,0,0,0,0,0,0,0,0,0,0,0,0,0,0,0,0,0,0,0,0,0,0,0,0,0,0,0,0,0,0,0,116,-,-,-,-,-,-,-,-
201801092300+0900,-,-,-,85,0,28,0,0,0,0,0,0,20,0,0,0,0,0,0,0,0,0,0,0,0,0,0,0,0,0,0,0,0,0,0,0,0,0,0,0,0,0,0,0,85,-,-,-,-,-,-,-,-
201801092330+0900,-,-,-,81,0,23,0,0,0,0,0,0,16,0,0,0,0,0,0,0,0,0,0,0,0,0,0,0,0,0,0,0,0,0,0,0,0,0,0,0,0,0,0,0,81,-,-,-,-,-,-,-,-
201801100000+0900,-,-,-,83,0,29,0,0,0,0,0,0,11,0,0,0,0,0,0,0,0,0,0,0,0,0,0,0,0,0,0,0,0,0,0,0,0,0,0,0,0,0,0,0,83,-,-,-,-,-,-,-,-
201801100030+0900,-,-,-,74,0,12,0,0,0,0,0,0,9,0,0,0,0,0,0,0,0,0,0,0,0,0,0,0,0,0,0,0,0,0,0,0,0,0,0,0,0,0,0,0,74,-,-,-,-,-,-,-,-
201801100100+0900,-,-,-,88,0,43,0,0,0,0,0,0,0,0,0,0,0,0,0,0,0,0,0,0,0,0,0,0,0,0,0,0,0,0,0,0,0,0,0,0,0,0,0,0,88,-,-,-,-,-,-,-,-
201801100130+0900,-,-,-,73,0,19,0,0,0,0,0,0,0,0,0,0,0,0,0,0,0,0,0,0,0,0,0,0,0,0,0,0,0,0,0,0,0,0,0,0,0,0,0,0,73,-,-,-,-,-,-,-,-
201801100200+0900,-,-,-,92,0,64,0,0,0,0,0,0,0,0,0,0,0,0,0,0,0,0,0,0,0,0,0,0,0,0,0,0,0,0,0,0,0,0,0,0,0,0,0,0,92,-,-,-,-,-,-,-,-
201801100230+0900,-,-,-,84,0,54,0,0,0,0,0,0,0,0,0,0,0,0,0,0,0,0,0,0,0,0,0,0,0,0,0,0,0,0,0,0,0,0,0,0,0,0,0,0,84,-,-,-,-,-,-,-,-
201801100300+0900,-,-,-,94,0,75,0,0,0,0,0,0,0,0,0,0,0,0,0,0,0,0,0,0,0,0,0,0,0,0,0,0,0,0,0,0,0,0,0,0,0,0,0,0,94,-,-,-,-,-,-,-,-
201801100330+0900,-,-,-,86,0,57,0,0,0,0,0,0,0,0,0,0,0,0,0,0,0,0,0,0,0,0,0,0,0,0,0,0,0,0,0,0,0,0,0,0,0,0,0,0,86,-,-,-,-,-,-,-,-
201801100400+0900,-,-,-,118,0,137,0,0,0,0,0,0,0,0,0,0,0,0,0,0,0,0,0,0,0,0,0,0,0,0,0,0,0,0,0,0,0,0,0,0,0,0,0,0,118,-,-,-,-,-,-,-,-
201801100430+0900,-,-,-,102,0,87,0,0,0,0,0,0,0,0,0,0,0,0,0,0,0,0,0,0,0,0,0,0,0,0,0,0,0,0,0,0,0,0,0,0,0,0,0,0,102,-,-,-,-,-,-,-,-
201801100500+0900,-,-,-,77,0,26,0,0,0,0,0,0,5,0,0,0,0,0,0,0,0,0,0,0,0,0,0,0,0,0,0,0,0,0,0,0,0,0,0,0,0,0,0,0,77,-,-,-,-,-,-,-,-
201801100530+0900,-,-,-,159,0,40,0,0,0,155,50,0,19,0,0,0,0,0,0,0,0,0,0,0,0,0,0,0,0,0,0,0,0,0,0,0,0,0,0,0,0,0,0,0,159,-,-,-,-,-,-,-,-
201801100600+0900,-,-,-,111,0,12,0,0,0,66,34,0,9,0,0,0,0,0,0,0,0,0,0,0,0,0,0,0,0,0,0,0,0,0,0,0,0,0,0,0,0,0,0,0,111,-,-,-,-,-,-,-,-
201801100630+0900,-,-,-,95,0,36,0,0,0,0,27,0,0,0,0,0,0,0,0,0,0,0,0,0,0,0,0,0,0,0,0,0,0,0,0,0,0,0,0,0,0,0,0,0,95,-,-,-,-,-,-,-,-
201801100700+0900,-,-,-,87,0,33,0,0,0,0,21,0,0,0,0,0,0,0,0,0,0,0,0,0,0,0,0,0,0,0,0,0,0,0,0,0,0,0,0,0,0,0,0,0,87,-,-,-,-,-,-,-,-
201801100730+0900,-,-,-,87,0,23,0,0,0,0,22,0,0,0,0,0,0,0,0,0,0,0,0,0,0,0,0,0,0,0,0,0,0,0,0,0,0,0,0,0,0,0,0,0,87,-,-,-,-,-,-,-,-
201801100800+0900,-,-,-,94,0,41,0,0,0,0,21,0,0,0,0,0,0,0,0,0,0,0,0,0,0,0,0,0,0,0,0,0,0,0,0,0,0,0,0,0,0,0,0,0,94,-,-,-,-,-,-,-,-
201801100830+0900,-,-,-,80,0,15,0,0,0,0,22,0,0,0,0,0,0,0,0,0,0,0,0,0,0,0,0,0,0,0,0,0,0,0,0,0,0,0,0,0,0,0,0,0,80,-,-,-,-,-,-,-,-
201801100900+0900,-,-,-,156,0,103,0,7,0,0,63,0,0,0,0,0,0,0,0,0,0,0,0,0,0,0,0,0,0,0,0,0,0,0,0,0,0,0,0,0,0,0,0,0,156,-,-,-,-,-,-,-,-
201801100930+0900,-,-,-,183,0,236,0,0,0,0,32,0,0,0,0,0,0,0,0,0,0,0,0,0,0,0,0,0,0,0,0,0,0,0,0,0,0,0,0,0,0,0,0,0,183,-,-,-,-,-,-,-,-
201801101000+0900,-,-,-,162,0,270,0,0,0,0,8,0,0,0,0,0,0,0,0,0,0,0,0,0,0,0,0,0,0,0,0,0,0,0,0,0,0,0,0,0,0,0,0,0,162,-,-,-,-,-,-,-,-
201801101030+0900,-,-,-,150,0,255,0,0,0,0,0,0,0,0,0,0,0,0,0,0,0,0,0,0,0,0,0,0,0,0,0,0,0,0,0,0,0,0,0,0,0,0,0,0,150,-,-,-,-,-,-,-,-
201801101100+0900,-,-,-,73,0,28,0,0,0,0,0,0,0,0,0,0,0,0,0,0,0,0,0,0,0,0,0,0,0,0,0,0,0,0,0,0,0,0,0,0,0,0,0,0,73,-,-,-,-,-,-,-,-
201801101130+0900,-,-,-,72,0,38,0,0,0,0,0,0,0,0,0,0,0,0,0,0,0,0,0,0,0,0,0,0,0,0,0,0,0,0,0,0,0,0,0,0,0,0,0,0,72,-,-,-,-,-,-,-,-
201801101200+0900,-,-,-,64,0,23,0,0,0,0,0,0,0,0,0,0,0,0,0,0,0,0,0,0,0,0,0,0,0,0,0,0,0,0,0,0,0,0,0,0,0,0,0,0,64,-,-,-,-,-,-,-,-
201801101230+0900,-,-,-,74,0,38,0,0,0,0,0,0,0,0,0,0,0,0,0,0,0,0,0,0,0,0,0,0,0,0,0,0,0,0,0,0,0,0,0,0,0,0,0,0,74,-,-,-,-,-,-,-,-
201801101300+0900,-,-,-,63,0,15,0,0,0,0,0,0,0,0,0,0,0,0,0,0,0,0,0,0,0,0,0,0,0,0,0,0,0,0,0,0,0,0,0,0,0,0,0,0,63,-,-,-,-,-,-,-,-
201801101330+0900,-,-,-,67,0,27,0,0,0,0,0,0,0,0,0,0,0,0,0,0,0,0,0,0,0,0,0,0,0,0,0,0,0,0,0,0,0,0,0,0,0,0,0,0,67,-,-,-,-,-,-,-,-
201801101400+0900,-,-,-,99,0,32,0,0,0,0,0,0,0,0,0,0,0,0,0,0,0,0,0,0,0,0,0,0,0,0,0,0,0,0,0,0,0,0,0,0,0,0,0,0,99,-,-,-,-,-,-,-,-
201801101430+0900,-,-,-,76,0,17,0,0,0,0,0,0,0,0,0,0,0,0,0,0,0,0,0,0,0,0,0,0,0,0,0,0,0,0,0,0,0,0,0,0,0,0,0,0,76,-,-,-,-,-,-,-,-
201801101500+0900,-,-,-,87,0,38,0,0,0,0,0,0,0,0,0,0,0,0,0,0,0,0,0,0,0,0,0,0,0,0,0,0,0,0,0,0,0,0,0,0,0,0,0,0,87,-,-,-,-,-,-,-,-
201801101530+0900,-,-,-,72,0,14,0,0,0,0,0,0,0,0,0,0,0,0,0,0,0,0,0,0,0,0,0,0,0,0,0,0,0,0,0,0,0,0,0,0,0,0,0,0,72,-,-,-,-,-,-,-,-
201801101600+0900,-,-,-,80,0,23,0,0,0,0,0,0,0,0,0,0,0,0,0,0,0,0,0,0,0,0,0,0,0,0,0,0,0,0,0,0,0,0,0,0,0,0,0,0,80,-,-,-,-,-,-,-,-
201801101630+0900,-,-,-,83,0,33,0,0,0,0,0,0,0,0,0,0,0,0,0,0,0,0,0,0,0,0,0,0,0,0,0,0,0,0,0,0,0,0,0,0,0,0,0,0,83,-,-,-,-,-,-,-,-
201801101700+0900,-,-,-,75,0,19,0,0,0,0,0,0,0,0,0,0,0,0,0,0,0,0,0,0,0,0,0,0,0,0,0,0,0,0,0,0,0,0,0,0,0,0,0,0,75,-,-,-,-,-,-,-,-
201801101730+0900,-,-,-,284,0,73,0,0,0,0,75,0,0,0,0,0,0,0,0,0,0,0,0,0,0,0,0,0,0,0,0,0,0,0,0,0,0,0,0,0,0,0,0,0,284,-,-,-,-,-,-,-,-
201801101800+0900,-,-,-,323,0,53,0,6,0,25,148,0,0,0,0,0,0,0,0,0,0,0,0,0,0,0,0,0,0,0,0,0,0,0,0,0,0,0,0,0,0,0,0,0,323,-,-,-,-,-,-,-,-
201801101830+0900,-,-,-,281,0,76,0,0,0,2,317,0,0,0,0,0,0,0,0,0,0,0,0,0,0,0,0,0,0,0,0,0,0,0,0,0,0,0,0,0,0,0,0,0,281,-,-,-,-,-,-,-,-
201801101900+0900,-,-,-,98,0,13,0,0,0,0,0,0,0,0,0,0,0,0,0,0,0,0,0,0,0,0,0,0,0,0,0,0,0,0,0,0,0,0,0,0,0,0,0,0,98,-,-,-,-,-,-,-,-
201801101930+0900,-,-,-,105,0,36,0,0,0,0,0,0,0,0,0,0,0,0,0,0,0,0,0,0,0,0,0,0,0,0,0,0,0,0,0,0,0,0,0,0,0,0,0,0,105,-,-,-,-,-,-,-,-
201801102000+0900,-,-,-,98,0,14,0,0,0,0,0,0,0,0,0,0,0,0,0,0,0,0,0,0,0,0,0,0,0,0,0,0,0,0,0,0,0,0,0,0,0,0,0,0,98,-,-,-,-,-,-,-,-
201801102030+0900,-,-,-,103,0,31,0,0,0,0,0,0,0,0,0,0,0,0,0,0,0,0,0,0,0,0,0,0,0,0,0,0,0,0,0,0,0,0,0,0,0,0,0,0,103,-,-,-,-,-,-,-,-
201801102100+0900,-,-,-,114,0,63,0,0,0,0,0,0,0,0,0,0,0,0,0,0,0,0,0,0,0,0,0,0,0,0,0,0,0,0,0,0,0,0,0,0,0,0,0,0,114,-,-,-,-,-,-,-,-
201801102130+0900,-,-,-,124,0,90,0,0,0,0,0,0,0,0,0,0,0,0,0,0,0,0,0,0,0,0,0,0,0,0,0,0,0,0,0,0,0,0,0,0,0,0,0,0,124,-,-,-,-,-,-,-,-
201801102200+0900,-,-,-,111,0,59,0,0,0,0,0,0,0,0,0,0,0,0,0,0,0,0,0,0,0,0,0,0,0,0,0,0,0,0,0,0,0,0,0,0,0,0,0,0,111,-,-,-,-,-,-,-,-
201801102230+0900,-,-,-,113,0,72,0,0,0,0,0,0,0,0,0,0,0,0,0,0,0,0,0,0,0,0,0,0,0,0,0,0,0,0,0,0,0,0,0,0,0,0,0,0,113,-,-,-,-,-,-,-,-
201801102300+0900,-,-,-,132,0,127,0,0,0,0,0,0,0,0,0,0,0,0,0,0,0,0,0,0,0,0,0,0,0,0,0,0,0,0,0,0,0,0,0,0,0,0,0,0,132,-,-,-,-,-,-,-,-
201801102330+0900,-,-,-,115,0,70,0,0,0,0,0,0,0,0,0,0,0,0,0,0,0,0,0,0,0,0,0,0,0,0,0,0,0,0,0,0,0,0,0,0,0,0,0,0,115,-,-,-,-,-,-,-,-
201801110000+0900,-,-,-,252,0,51,0,0,0,0,61,0,351,0,0,0,0,0,0,0,0,0,0,0,0,0,0,0,0,0,0,0,0,0,0,0,0,0,0,0,0,0,0,0,252,-,-,-,-,-,-,-,-
201801110030+0900,-,-,-,120,0,67,0,0,0,0,5,0,77,0,0,0,0,0,0,0,0,0,0,0,0,0,0,0,0,0,0,0,0,0,0,0,0,0,0,0,0,0,0,0,120,-,-,-,-,-,-,-,-
201801110100+0900,-,-,-,102,0,80,0,0,0,0,0,0,22,0,0,0,0,0,0,0,0,0,0,0,0,0,0,0,0,0,0,0,0,0,0,0,0,0,0,0,0,0,0,0,102,-,-,-,-,-,-,-,-
201801110130+0900,-,-,-,89,0,55,0,0,0,0,0,0,20,0,0,0,0,0,0,0,0,0,0,0,0,0,0,0,0,0,0,0,0,0,0,0,0,0,0,0,0,0,0,0,89,-,-,-,-,-,-,-,-
201801110200+0900,-,-,-,90,0,61,0,0,0,0,0,0,3,0,0,0,0,0,0,0,0,0,0,0,0,0,0,0,0,0,0,0,0,0,0,0,0,0,0,0,0,0,0,0,90,-,-,-,-,-,-,-,-
201801110230+0900,-,-,-,91,0,69,0,0,0,0,0,0,0,0,0,0,0,0,0,0,0,0,0,0,0,0,0,0,0,0,0,0,0,0,0,0,0,0,0,0,0,0,0,0,91,-,-,-,-,-,-,-,-
201801110300+0900,-,-,-,85,0,53,0,0,0,0,0,0,0,0,0,0,0,0,0,0,0,0,0,0,0,0,0,0,0,0,0,0,0,0,0,0,0,0,0,0,0,0,0,0,85,-,-,-,-,-,-,-,-
201801110330+0900,-,-,-,96,0,76,0,0,0,0,0,0,0,0,0,0,0,0,0,0,0,0,0,0,0,0,0,0,0,0,0,0,0,0,0,0,0,0,0,0,0,0,0,0,96,-,-,-,-,-,-,-,-
201801110400+0900,-,-,-,83,0,54,0,0,0,0,0,0,0,0,0,0,0,0,0,0,0,0,0,0,0,0,0,0,0,0,0,0,0,0,0,0,0,0,0,0,0,0,0,0,83,-,-,-,-,-,-,-,-
201801110430+0900,-,-,-,87,0,57,0,0,0,0,0,0,0,0,0,0,0,0,0,0,0,0,0,0,0,0,0,0,0,0,0,0,0,0,0,0,0,0,0,0,0,0,0,0,87,-,-,-,-,-,-,-,-
201801110500+0900,-,-,-,101,0,84,0,0,0,0,0,0,5,0,0,0,0,0,0,0,0,0,0,0,0,0,0,0,0,0,0,0,0,0,0,0,0,0,0,0,0,0,0,0,101,-,-,-,-,-,-,-,-
201801110530+0900,-,-,-,90,0,62,0,0,0,0,0,0,16,0,0,0,0,0,0,0,0,0,0,0,0,0,0,0,0,0,0,0,0,0,0,0,0,0,0,0,0,0,0,0,90,-,-,-,-,-,-,-,-
201801110600+0900,-,-,-,91,0,62,0,0,0,0,0,0,16,0,0,0,0,0,0,0,0,0,0,0,0,0,0,0,0,0,0,0,0,0,0,0,0,0,0,0,0,0,0,0,91,-,-,-,-,-,-,-,-
201801110630+0900,-,-,-,105,0,83,0,0,0,0,0,0,22,0,0,0,0,0,0,0,0,0,0,0,0,0,0,0,0,0,0,0,0,0,0,0,0,0,0,0,0,0,0,0,105,-,-,-,-,-,-,-,-
201801110700+0900,-,-,-,435,0,60,0,0,206,143,59,0,20,0,0,0,0,0,0,0,0,0,0,0,0,0,0,0,0,0,0,0,0,0,0,0,0,0,0,0,0,0,0,0,435,-,-,-,-,-,-,-,-
201801110730+0900,-,-,-,529,0,86,0,0,306,0,33,0,0,0,0,0,0,0,0,0,0,0,0,0,0,0,0,0,0,0,0,0,0,0,0,0,0,0,0,0,0,0,0,0,529,-,-,-,-,-,-,-,-
201801110800+0900,-,-,-,169,0,123,0,0,16,30,67,0,0,0,0,0,0,0,0,0,0,0,0,0,0,0,0,0,0,0,0,0,0,0,0,0,0,0,0,0,0,0,0,0,169,-,-,-,-,-,-,-,-
201801110830+0900,-,-,-,145,0,135,0,0,0,9,61,0,0,0,0,0,0,0,0,0,0,0,0,0,0,0,0,0,0,0,0,0,0,0,0,0,0,0,0,0,0,0,0,0,145,-,-,-,-,-,-,-,-
201801110900+0900,-,-,-,92,0,65,0,0,0,2,8,0,0,0,0,0,0,0,0,0,0,0,0,0,0,0,0,0,0,0,0,0,0,0,0,0,0,0,0,0,0,0,0,0,92,-,-,-,-,-,-,-,-
201801110930+0900,-,-,-,95,0,73,0,0,0,0,0,0,0,0,0,0,0,0,0,0,0,0,0,0,0,0,0,0,0,0,0,0,0,0,0,0,0,0,0,0,0,0,0,0,95,-,-,-,-,-,-,-,-
201801111000+0900,-,-,-,84,0,47,0,0,0,0,0,0,0,0,0,0,0,0,0,0,0,0,0,0,0,0,0,0,0,0,0,0,0,0,0,0,0,0,0,0,0,0,0,0,84,-,-,-,-,-,-,-,-
201801111030+0900,-,-,-,77,0,22,0,0,0,0,0,0,0,0,0,0,0,0,0,0,0,0,0,0,0,0,0,0,0,0,0,0,0,0,0,0,0,0,0,0,0,0,0,0,77,-,-,-,-,-,-,-,-
201801111100+0900,-,-,-,72,0,27,0,0,0,0,0,0,0,0,0,0,0,0,0,0,0,0,0,0,0,0,0,0,0,0,0,0,0,0,0,0,0,0,0,0,0,0,0,0,72,-,-,-,-,-,-,-,-
201801111130+0900,-,-,-,63,0,12,0,0,0,0,0,0,0,0,0,0,0,0,0,0,0,0,0,0,0,0,0,0,0,0,0,0,0,0,0,0,0,0,0,0,0,0,0,0,63,-,-,-,-,-,-,-,-
201801111200+0900,-,-,-,431,0,116,0,0,205,66,105,0,0,0,0,0,0,0,0,0,0,0,0,0,0,0,0,0,0,0,0,0,0,0,0,0,0,0,0,0,0,0,0,0,431,-,-,-,-,-,-,-,-
201801111230+0900,-,-,-,537,0,82,0,7,301,2,34,0,0,0,0,0,0,0,0,0,0,0,0,0,0,0,0,0,0,0,0,0,0,0,0,0,0,0,0,0,0,0,0,0,537,-,-,-,-,-,-,-,-
201801111300+0900,-,-,-,542,0,34,0,6,271,9,33,0,0,0,0,0,0,0,0,0,0,0,0,0,0,0,0,0,0,0,0,0,0,0,0,0,0,0,0,0,0,0,0,0,542,-,-,-,-,-,-,-,-
201801111330+0900,-,-,-,255,0,43,0,0,99,9,33,0,27,0,0,0,0,0,0,0,0,0,0,0,0,0,0,0,0,0,0,0,0,0,0,0,0,0,0,0,0,0,0,0,255,-,-,-,-,-,-,-,-
201801111400+0900,-,-,-,138,0,37,0,0,0,0,10,0,66,0,0,0,0,0,0,0,0,0,0,0,0,0,0,0,0,0,0,0,0,0,0,0,0,0,0,0,0,0,0,0,138,-,-,-,-,-,-,-,-
201801111430+0900,-,-,-,113,0,9,0,0,0,0,0,0,65,0,0,0,0,0,0,0,0,0,0,0,0,0,0,0,0,0,0,0,0,0,0,0,0,0,0,0,0,0,0,0,113,-,-,-,-,-,-,-,-
201801111500+0900,-,-,-,100,0,13,0,0,0,0,0,0,52,0,0,0,0,0,0,0,0,0,0,0,0,0,0,0,0,0,0,0,0,0,0,0,0,0,0,0,0,0,0,0,100,-,-,-,-,-,-,-,-
201801111530+0900,-,-,-,119,0,40,0,0,0,0,32,0,35,0,0,0,0,0,0,0,0,0,0,0,0,0,0,0,0,0,0,0,0,0,0,0,0,0,0,0,0,0,0,0,119,-,-,-,-,-,-,-,-
201801111600+0900,-,-,-,119,0,50,0,0,0,0,40,0,36,0,0,0,0,0,0,0,0,0,0,0,0,0,0,0,0,0,0,0,0,0,0,0,0,0,0,0,0,0,0,0,119,-,-,-,-,-,-,-,-
201801111630+0900,-,-,-,113,0,56,0,0,0,0,33,0,12,0,0,0,0,0,0,0,0,0,0,0,0,0,0,0,0,0,0,0,0,0,0,0,0,0,0,0,0,0,0,0,113,-,-,-,-,-,-,-,-
201801111700+0900,-,-,-,100,0,45,0,0,0,0,6,0,11,0,0,0,0,0,0,0,0,0,0,0,0,0,0,0,0,0,0,0,0,0,0,0,0,0,0,0,0,0,0,0,100,-,-,-,-,-,-,-,-
201801111730+0900,-,-,-,97,0,29,0,0,0,0,0,0,11,0,0,0,0,0,0,0,0,0,0,0,0,0,0,0,0,0,0,0,0,0,0,0,0,0,0,0,0,0,0,0,97,-,-,-,-,-,-,-,-
201801111800+0900,-,-,-,95,0,47,0,0,0,0,0,0,11,0,0,0,0,0,0,0,0,0,0,0,0,0,0,0,0,0,0,0,0,0,0,0,0,0,0,0,0,0,0,0,95,-,-,-,-,-,-,-,-
201801111830+0900,-,-,-,100,0,56,0,0,0,0,0,0,11,0,0,0,0,0,0,0,0,0,0,0,0,0,0,0,0,0,0,0,0,0,0,0,0,0,0,0,0,0,0,0,100,-,-,-,-,-,-,-,-
201801111900+0900,-,-,-,108,0,72,0,0,0,0,0,0,12,0,0,0,0,0,0,0,0,0,0,0,0,0,0,0,0,0,0,0,0,0,0,0,0,0,0,0,0,0,0,0,108,-,-,-,-,-,-,-,-
201801111930+0900,-,-,-,99,0,52,0,0,0,0,0,0,10,0,0,0,0,0,0,0,0,0,0,0,0,0,0,0,0,0,0,0,0,0,0,0,0,0,0,0,0,0,0,0,99,-,-,-,-,-,-,-,-
201801112000+0900,-,-,-,97,0,52,0,0,0,0,0,0,11,0,0,0,0,0,0,0,0,0,0,0,0,0,0,0,0,0,0,0,0,0,0,0,0,0,0,0,0,0,0,0,97,-,-,-,-,-,-,-,-
201801112030+0900,-,-,-,102,0,54,0,0,0,0,0,0,11,0,0,0,0,0,0,0,0,0,0,0,0,0,0,0,0,0,0,0,0,0,0,0,0,0,0,0,0,0,0,0,102,-,-,-,-,-,-,-,-
201801112100+0900,-,-,-,111,0,73,0,0,0,0,0,0,11,0,0,0,0,0,0,0,0,0,0,0,0,0,0,0,0,0,0,0,0,0,0,0,0,0,0,0,0,0,0,0,111,-,-,-,-,-,-,-,-
201801112130+0900,-,-,-,115,0,99,0,0,0,0,0,0,12,0,0,0,0,0,0,0,0,0,0,0,0,0,0,0,0,0,0,0,0,0,0,0,0,0,0,0,0,0,0,0,115,-,-,-,-,-,-,-,-
201801112200+0900,-,-,-,119,0,90,0,0,0,0,0,0,11,0,0,0,0,0,0,0,0,0,0,0,0,0,0,0,0,0,0,0,0,0,0,0,0,0,0,0,0,0,0,0,119,-,-,-,-,-,-,-,-
201801112230+0900,-,-,-,261,0,62,0,0,0,0,61,0,344,0,0,0,0,0,0,0,0,0,0,0,0,0,0,0,0,0,0,0,0,0,0,0,0,0,0,0,0,0,0,0,261,-,-,-,-,-,-,-,-
201801112300+0900,-,-,-,857,0,65,0,0,154,0,33,0,322,0,0,0,0,0,0,0,0,0,0,0,0,0,0,0,0,0,0,0,0,0,0,0,0,0,0,0,0,0,0,0,857,-,-,-,-,-,-,-,-
201801112330+0900,-,-,-,874,0,77,0,0,69,0,24,0,166,0,0,0,0,0,0,0,0,0,0,0,0,0,0,0,0,0,0,0,0,0,0,0,0,0,0,0,0,0,0,0,874,-,-,-,-,-,-,-,-
201801120000+0900,-,-,-,419,0,58,0,0,0,0,0,0,21,2,0,0,0,0,0,0,0,0,0,0,0,0,0,0,0,0,0,0,0,0,0,0,0,0,0,0,0,0,0,0,419,-,-,-,-,-,-,-,-
201801120030+0900,-,-,-,429,0,58,0,0,0,0,0,0,18,0,0,0,0,0,0,0,0,0,0,0,0,0,0,0,0,0,0,0,0,0,0,0,0,0,0,0,0,0,0,0,429,-,-,-,-,-,-,-,-
201801120100+0900,-,-,-,409,0,74,0,0,0,0,0,0,12,0,0,0,0,0,0,0,0,0,0,0,0,0,0,0,0,0,0,0,0,0,0,0,0,0,0,0,0,0,0,0,409,-,-,-,-,-,-,-,-
201801120130+0900,-,-,-,405,0,62,0,0,0,0,0,0,11,0,0,0,0,0,0,0,0,0,0,0,0,0,0,0,0,0,0,0,0,0,0,0,0,0,0,0,0,0,0,0,405,-,-,-,-,-,-,-,-
201801120200+0900,-,-,-,384,0,53,0,0,0,0,0,0,12,0,0,0,0,0,0,0,0,0,0,0,0,0,0,0,0,0,0,0,0,0,0,0,0,0,0,0,0,0,0,0,384,-,-,-,-,-,-,-,-
201801120230+0900,-,-,-,351,0,63,0,0,0,0,0,0,12,0,0,0,0,0,0,0,0,0,0,0,0,0,0,0,0,0,0,0,0,0,0,0,0,0,0,0,0,0,0,0,351,-,-,-,-,-,-,-,-
201801120300+0900,-,-,-,357,0,67,0,0,0,0,0,0,11,0,0,0,0,0,0,0,0,0,0,0,0,0,0,0,0,0,0,0,0,0,0,0,0,0,0,0,0,0,0,0,357,-,-,-,-,-,-,-,-
201801120330+0900,-,-,-,346,0,53,0,0,0,0,0,0,12,0,0,0,0,0,0,0,0,0,0,0,0,0,0,0,0,0,0,0,0,0,0,0,0,0,0,0,0,0,0,0,346,-,-,-,-,-,-,-,-
201801120400+0900,-,-,-,342,0,53,0,0,0,0,0,0,11,0,0,0,0,0,0,0,0,0,0,0,0,0,0,0,0,0,0,0,0,0,0,0,0,0,0,0,0,0,0,0,342,-,-,-,-,-,-,-,-
201801120430+0900,-,-,-,356,0,71,0,0,0,0,0,0,12,0,0,0,0,0,0,0,0,0,0,0,0,0,0,0,0,0,0,0,0,0,0,0,0,0,0,0,0,0,0,0,356,-,-,-,-,-,-,-,-
201801120500+0900,-,-,-,353,0,70,0,0,0,0,0,0,14,0,0,0,0,0,0,0,0,0,0,0,0,0,0,0,0,0,0,0,0,0,0,0,0,0,0,0,0,0,0,0,353,-,-,-,-,-,-,-,-
201801120530+0900,-,-,-,352,0,62,0,0,0,0,0,0,22,0,0,0,0,0,0,0,0,0,0,0,0,0,0,0,0,0,0,0,0,0,0,0,0,0,0,0,0,0,0,0,352,-,-,-,-,-,-,-,-
201801120600+0900,-,-,-,363,0,62,0,0,0,0,0,0,22,0,0,0,0,0,0,0,0,0,0,0,0,0,0,0,0,0,0,0,0,0,0,0,0,0,0,0,0,0,0,0,363,-,-,-,-,-,-,-,-
201801120630+0900,-,-,-,361,0,65,0,0,0,0,0,0,35,0,0,0,0,0,0,0,0,0,0,0,0,0,0,0,0,0,0,0,0,0,0,0,0,0,0,0,0,0,0,0,361,-,-,-,-,-,-,-,-
201801120700+0900,-,-,-,530,0,81,0,0,76,102,47,0,28,0,0,0,0,0,0,0,0,0,0,0,0,0,0,0,0,0,0,0,0,0,0,0,0,0,0,0,0,0,0,0,530,-,-,-,-,-,-,-,-
201801120730+0900,-,-,-,821,0,60,0,0,307,127,47,0,11,0,0,0,0,0,0,0,0,0,0,0,0,0,0,0,0,0,0,0,0,0,0,0,0,0,0,0,0,0,0,0,821,-,-,-,-,-,-,-,-
201801120800+0900,-,-,-,580,0,172,0,0,115,1,36,0,11,0,0,0,0,0,0,0,0,0,0,0,0,0,0,0,0,0,0,0,0,0,0,0,0,0,0,0,0,0,0,0,580,-,-,-,-,-,-,-,-
201801120830+0900,-,-,-,366,0,72,0,0,0,4,37,0,12,0,0,0,0,0,0,0,0,0,0,0,0,0,0,0,0,0,0,0,0,0,0,0,0,0,0,0,0,0,0,0,366,-,-,-,-,-,-,-,-
201801120900+0900,-,-,-,373,0,75,0,9,0,9,36,0,11,0,0,0,0,0,0,0,0,0,0,0,0,0,0,0,0,0,0,0,0,0,0,0,0,0,0,0,0,0,0,0,373,-,-,-,-,-,-,-,-
201801120930+0900,-,-,-,684,0,61,0,0,263,9,39,0,11,0,0,0,0,0,0,0,0,0,0,0,0,0,0,0,0,0,0,0,0,0,0,0,0,0,0,0,0,0,0,0,684,-,-,-,-,-,-,-,-
201801121000+0900,-,-,-,556,0,60,0,0,310,10,38,0,11,0,0,0,0,0,0,0,0,0,0,0,0,0,0,0,0,0,0,0,0,0,0,0,0,0,0,0,0,0,0,0,556,-,-,-,-,-,-,-,-
201801121030+0900,-,-,-,528,0,57,0,0,307,0,6,0,12,0,0,0,0,0,0,0,0,0,0,0,0,0,0,0,0,0,0,0,0,0,0,0,0,0,0,0,0,0,0,0,528,-,-,-,-,-,-,-,-
201801121100+0900,-,-,-,505,0,57,0,0,297,0,0,0,11,0,0,0,0,0,0,0,0,0,0,0,0,0,0,0,0,0,0,0,0,0,0,0,0,0,0,0,0,0,0,0,505,-,-,-,-,-,-,-,-
201801121130+0900,-,-,-,497,0,14,0,0,304,0,0,0,11,0,0,0,0,0,0,0,0,0,0,0,0,0,0,0,0,0,0,0,0,0,0,0,0,0,0,0,0,0,0,0,497,-,-,-,-,-,-,-,-
201801121200+0900,-,-,-,494,0,15,0,0,303,0,0,0,11,0,0,0,0,0,0,0,0,0,0,0,0,0,0,0,0,0,0,0,0,0,0,0,0,0,0,0,0,0,0,0,494,-,-,-,-,-,-,-,-
201801121230+0900,-,-,-,494,0,16,0,0,302,0,0,0,11,0,0,0,0,0,0,0,0,0,0,0,0,0,0,0,0,0,0,0,0,0,0,0,0,0,0,0,0,0,0,0,494,-,-,-,-,-,-,-,-
201801121300+0900,-,-,-,146,0,28,0,0,43,0,0,0,11,0,0,0,0,0,0,0,0,0,0,0,0,0,0,0,0,0,0,0,0,0,0,0,0,0,0,0,0,0,0,0,146,-,-,-,-,-,-,-,-
201801121330+0900,-,-,-,101,0,68,0,0,0,0,0,0,12,0,0,0,0,0,0,0,0,0,0,0,0,0,0,0,0,0,0,0,0,0,0,0,0,0,0,0,0,0,0,0,101,-,-,-,-,-,-,-,-
201801121400+0900,-,-,-,119,0,39,0,0,0,0,0,0,11,0,0,0,0,0,0,0,0,0,0,0,0,0,0,0,0,0,0,0,0,0,0,0,0,0,0,0,0,0,0,0,119,-,-,-,-,-,-,-,-
201801121430+0900,-,-,-,94,0,11,0,0,0,0,0,0,11,0,0,0,0,0,0,0,0,0,0,0,0,0,0,0,0,0,0,0,0,0,0,0,0,0,0,0,0,0,0,0,94,-,-,-,-,-,-,-,-
201801121500+0900,-,-,-,94,0,12,0,0,0,0,0,0,11,0,0,0,0,0,0,0,0,0,0,0,0,0,0,0,0,0,0,0,0,0,0,0,0,0,0,0,0,0,0,0,94,-,-,-,-,-,-,-,-
201801121530+0900,-,-,-,106,0,38,0,0,0,0,0,0,12,0,0,0,0,0,0,0,0,0,0,0,0,0,0,0,0,0,0,0,0,0,0,0,0,0,0,0,0,0,0,0,106,-,-,-,-,-,-,-,-
201801121600+0900,-,-,-,97,0,30,0,0,0,0,0,0,11,0,0,0,0,0,0,0,0,0,0,0,0,0,0,0,0,0,0,0,0,0,0,0,0,0,0,0,0,0,0,0,97,-,-,-,-,-,-,-,-
201801121630+0900,-,-,-,103,0,55,0,0,0,0,0,0,11,0,0,0,0,0,0,0,0,0,0,0,0,0,0,0,0,0,0,0,0,0,0,0,0,0,0,0,0,0,0,0,103,-,-,-,-,-,-,-,-
201801121700+0900,-,-,-,114,0,70,0,0,0,0,0,0,11,0,0,0,0,0,0,0,0,0,0,0,0,0,0,0,0,0,0,0,0,0,0,0,0,0,0,0,0,0,0,0,114,-,-,-,-,-,-,-,-
201801121730+0900,-,-,-,102,0,51,0,0,0,0,0,0,12,0,0,0,0,0,0,0,0,0,0,0,0,0,0,0,0,0,0,0,0,0,0,0,0,0,0,0,0,0,0,0,102,-,-,-,-,-,-,-,-
201801121800+0900,-,-,-,112,0,71,0,0,0,0,0,0,11,0,0,0,0,0,0,0,0,0,0,0,0,0,0,0,0,0,0,0,0,0,0,0,0,0,0,0,0,0,0,0,112,-,-,-,-,-,-,-,-
201801121830+0900,-,-,-,105,0,55,0,0,0,0,0,0,11,0,0,0,0,0,0,0,0,0,0,0,0,0,0,0,0,0,0,0,0,0,0,0,0,0,0,0,0,0,0,0,105,-,-,-,-,-,-,-,-
201801121900+0900,-,-,-,101,0,51,0,0,0,0,0,0,11,0,0,0,0,0,0,0,0,0,0,0,0,0,0,0,0,0,0,0,0,0,0,0,0,0,0,0,0,0,0,0,101,-,-,-,-,-,-,-,-
201801121930+0900,-,-,-,186,0,70,0,0,37,0,39,0,27,1,0,0,0,0,0,0,0,0,0,0,0,0,0,0,0,0,0,0,0,0,0,0,0,0,0,0,0,0,0,0,186,-,-,-,-,-,-,-,-
201801122000+0900,-,-,-,678,0,54,0,0,312,0,33,0,348,0,0,0,0,0,0,0,0,0,0,0,0,0,0,0,0,0,0,0,0,0,0,0,0,0,0,0,0,0,0,0,678,-,-,-,-,-,-,-,-
201801122030+0900,-,-,-,982,0,159,0,0,295,0,34,0,218,0,0,0,0,0,0,0,0,0,0,0,0,0,0,0,0,0,0,0,0,0,0,0,0,0,0,0,0,0,0,0,982,-,-,-,-,-,-,-,-
201801122100+0900,-,-,-,928,0,98,0,0,272,0,32,0,199,0,0,0,0,0,0,0,0,0,0,0,0,0,0,0,0,0,0,0,0,0,0,0,0,0,0,0,0,0,0,0,928,-,-,-,-,-,-,-,-
201801122130+0900,-,-,-,663,0,89,0,0,90,0,20,0,222,0,0,0,0,0,0,0,0,0,0,0,0,0,0,0,0,0,0,0,0,0,0,0,0,0,0,0,0,0,0,0,663,-,-,-,-,-,-,-,-
201801122200+0900,-,-,-,472,0,98,0,0,0,0,0,0,306,0,0,0,0,0,0,0,0,0,0,0,0,0,0,0,0,0,0,0,0,0,0,0,0,0,0,0,0,0,0,0,472,-,-,-,-,-,-,-,-
201801122230+0900,-,-,-,444,0,56,0,0,0,0,0,0,331,0,0,0,0,0,0,0,0,0,0,0,0,0,0,0,0,0,0,0,0,0,0,0,0,0,0,0,0,0,0,0,444,-,-,-,-,-,-,-,-
201801122300+0900,-,-,-,393,0,64,0,0,0,0,2,0,199,0,0,0,0,0,0,0,0,0,0,0,0,0,0,0,0,0,0,0,0,0,0,0,0,0,0,0,0,0,0,0,393,-,-,-,-,-,-,-,-
201801122330+0900,-,-,-,322,0,57,0,0,0,0,0,0,28,0,0,0,0,0,0,0,0,0,0,0,0,0,0,0,0,0,0,0,0,0,0,0,0,0,0,0,0,0,0,0,322,-,-,-,-,-,-,-,-
201801130000+0900,-,-,-,323,0,56,0,0,0,0,0,0,17,0,0,0,0,0,0,0,0,0,0,0,0,0,0,0,0,0,0,0,0,0,0,0,0,0,0,0,0,0,0,0,323,-,-,-,-,-,-,-,-
201801130030+0900,-,-,-,333,0,59,0,0,0,0,0,0,16,0,0,0,0,0,0,0,0,0,0,0,0,0,0,0,0,0,0,0,0,0,0,0,0,0,0,0,0,0,0,0,333,-,-,-,-,-,-,-,-
201801130100+0900,-,-,-,175,0,82,0,0,0,0,0,0,12,0,0,0,0,0,0,0,0,0,0,0,0,0,0,0,0,0,0,0,0,0,0,0,0,0,0,0,0,0,0,0,175,-,-,-,-,-,-,-,-
201801130130+0900,-,-,-,264,0,56,0,11,0,12,61,0,11,0,0,0,0,0,0,0,0,0,0,0,0,0,0,0,0,0,0,0,0,0,0,0,0,0,0,0,0,0,0,0,264,-,-,-,-,-,-,-,-
201801130200+0900,-,-,-,536,0,88,0,0,188,0,30,0,11,0,0,0,0,0,0,0,0,0,0,0,0,0,0,0,0,0,0,0,0,0,0,0,0,0,0,0,0,0,0,0,536,-,-,-,-,-,-,-,-
201801130230+0900,-,-,-,148,0,81,0,18,0,0,12,0,12,0,0,0,0,0,0,0,0,0,0,0,0,0,0,0,0,0,0,0,0,0,0,0,0,0,0,0,0,0,0,0,148,-,-,-,-,-,-,-,-
201801130300+0900,-,-,-,112,0,67,0,0,0,0,0,0,11,0,0,0,0,0,0,0,0,0,0,0,0,0,0,0,0,0,0,0,0,0,0,0,0,0,0,0,0,0,0,0,112,-,-,-,-,-,-,-,-
201801130330+0900,-,-,-,117,0,63,0,0,0,0,0,0,12,0,0,0,0,0,0,0,0,0,0,0,0,0,0,0,0,0,0,0,0,0,0,0,0,0,0,0,0,0,0,0,117,-,-,-,-,-,-,-,-
201801130400+0900,-,-,-,121,0,80,0,0,0,0,0,0,12,0,0,0,0,0,0,0,0,0,0,0,0,0,0,0,0,0,0,0,0,0,0,0,0,0,0,0,0,0,0,0,121,-,-,-,-,-,-,-,-
201801130430+0900,-,-,-,112,0,66,0,0,0,0,0,0,11,0,0,0,0,0,0,0,0,0,0,0,0,0,0,0,0,0,0,0,0,0,0,0,0,0,0,0,0,0,0,0,112,-,-,-,-,-,-,-,-
201801130500+0900,-,-,-,112,0,63,0,0,0,0,0,0,14,0,0,0,0,0,0,0,0,0,0,0,0,0,0,0,0,0,0,0,0,0,0,0,0,0,0,0,0,0,0,0,112,-,-,-,-,-,-,-,-
201801130530+0900,-,-,-,126,0,100,0,0,0,0,0,0,22,0,0,0,0,0,0,0,0,0,0,0,0,0,0,0,0,0,0,0,0,0,0,0,0,0,0,0,0,0,0,0,126,-,-,-,-,-,-,-,-
201801130600+0900,-,-,-,145,0,136,0,0,0,0,0,0,22,0,0,0,0,0,0,0,0,0,0,0,0,0,0,0,0,0,0,0,0,0,0,0,0,0,0,0,0,0,0,0,145,-,-,-,-,-,-,-,-
201801130630+0900,-,-,-,116,0,58,0,0,0,0,0,0,21,0,0,0,0,0,0,0,0,0,0,0,0,0,0,0,0,0,0,0,0,0,0,0,0,0,0,0,0,0,0,0,116,-,-,-,-,-,-,-,-
201801130700+0900,-,-,-,147,0,61,0,0,0,65,42,0,18,0,0,0,0,0,0,0,0,0,0,0,0,0,0,0,0,0,0,0,0,0,0,0,0,0,0,0,0,0,0,0,147,-,-,-,-,-,-,-,-
201801130730+0900,-,-,-,147,0,70,0,0,0,72,31,0,11,0,0,0,0,0,0,0,0,0,0,0,0,0,0,0,0,0,0,0,0,0,0,0,0,0,0,0,0,0,0,0,147,-,-,-,-,-,-,-,-
201801130800+0900,-,-,-,143,0,106,0,0,0,4,32,0,11,0,0,0,0,0,0,0,0,0,0,0,0,0,0,0,0,0,0,0,0,0,0,0,0,0,0,0,0,0,0,0,143,-,-,-,-,-,-,-,-
201801130830+0900,-,-,-,278,0,131,0,0,0,136,273,0,11,6,0,0,0,0,0,0,0,0,0,0,0,0,0,0,0,0,0,0,0,0,0,0,0,0,0,0,0,0,0,0,278,-,-,-,-,-,-,-,-
201801130900+0900,-,-,-,156,0,111,0,0,0,1,32,0,19,0,0,0,0,0,0,0,0,0,0,0,0,0,0,0,0,0,0,0,0,0,0,0,0,0,0,0,0,0,0,0,156,-,-,-,-,-,-,-,-
201801130930+0900,-,-,-,220,0,264,0,0,0,4,31,0,25,11,0,0,0,0,0,0,0,0,0,0,0,0,0,0,0,0,0,0,0,0,0,0,0,0,0,0,0,0,0,0,220,-,-,-,-,-,-,-,-
201801131000+0900,-,-,-,348,0,309,0,0,0,9,33,0,37,15,0,0,0,0,0,0,0,0,0,0,0,0,0,0,0,0,0,0,0,0,0,0,0,0,0,0,0,0,0,0,348,-,-,-,-,-,-,-,-
201801131030+0900,-,-,-,254,0,329,0,0,0,8,52,0,45,0,0,0,0,0,0,0,0,0,0,0,0,0,0,0,0,0,0,0,0,0,0,0,0,0,0,0,0,0,0,0,254,-,-,-,-,-,-,-,-
201801131100+0900,-,-,-,162,0,159,0,0,0,9,35,0,48,0,0,0,0,0,0,0,0,0,0,0,0,0,0,0,0,0,0,0,0,0,0,0,0,0,0,0,0,0,0,0,162,-,-,-,-,-,-,-,-
201801131130+0900,-,-,-,100,0,22,0,0,0,8,0,0,46,0,0,0,0,0,0,0,0,0,0,0,0,0,0,0,0,0,0,0,0,0,0,0,0,0,0,0,0,0,0,0,100,-,-,-,-,-,-,-,-
201801131200+0900,-,-,-,143,0,42,0,0,0,18,86,0,56,0,0,0,0,0,0,0,0,0,0,0,0,0,0,0,0,0,0,0,0,0,0,0,0,0,0,0,0,0,0,0,143,-,-,-,-,-,-,-,-
201801131230+0900,-,-,-,133,0,22,0,0,0,8,4,0,144,0,0,0,0,0,0,0,0,0,0,0,0,0,0,0,0,0,0,0,0,0,0,0,0,0,0,0,0,0,0,0,133,-,-,-,-,-,-,-,-
201801131300+0900,-,-,-,117,0,28,0,0,0,8,0,0,86,0,0,0,0,0,0,0,0,0,0,0,0,0,0,0,0,0,0,0,0,0,0,0,0,0,0,0,0,0,0,0,117,-,-,-,-,-,-,-,-
201801131330+0900,-,-,-,115,0,29,0,0,0,9,0,0,83,0,0,0,0,0,0,0,0,0,0,0,0,0,0,0,0,0,0,0,0,0,0,0,0,0,0,0,0,0,0,0,115,-,-,-,-,-,-,-,-
201801131400+0900,-,-,-,136,0,10,0,0,0,9,0,0,80,0,0,0,0,0,0,0,0,0,0,0,0,0,0,0,0,0,0,0,0,0,0,0,0,0,0,0,0,0,0,0,136,-,-,-,-,-,-,-,-
201801131430+0900,-,-,-,128,0,17,0,0,0,10,0,0,97,0,0,0,0,0,0,0,0,0,0,0,0,0,0,0,0,0,0,0,0,0,0,0,0,0,0,0,0,0,0,0,128,-,-,-,-,-,-,-,-
201801131500+0900,-,-,-,150,0,39,0,0,0,19,0,0,129,0,0,0,0,0,0,0,0,0,0,0,0,0,0,0,0,0,0,0,0,0,0,0,0,0,0,0,0,0,0,0,150,-,-,-,-,-,-,-,-
201801131530+0900,-,-,-,170,0,14,0,0,0,115,0,0,130,0,0,0,0,0,0,0,0,0,0,0,0,0,0,0,0,0,0,0,0,0,0,0,0,0,0,0,0,0,0,0,170,-,-,-,-,-,-,-,-
201801131600+0900,-,-,-,138,0,33,0,0,0,0,0,0,125,0,0,0,0,0,0,0,0,0,0,0,0,0,0,0,0,0,0,0,0,0,0,0,0,0,0,0,0,0,0,0,138,-,-,-,-,-,-,-,-
201801131630+0900,-,-,-,114,0,26,0,0,0,7,0,0,55,0,0,0,0,0,0,0,0,0,0,0,0,0,0,0,0,0,0,0,0,0,0,0,0,0,0,0,0,0,0,0,114,-,-,-,-,-,-,-,-
201801131700+0900,-,-,-,106,0,14,0,0,0,10,0,0,50,0,0,0,0,0,0,0,0,0,0,0,0,0,0,0,0,0,0,0,0,0,0,0,0,0,0,0,0,0,0,0,106,-,-,-,-,-,-,-,-
201801131730+0900,-,-,-,128,0,38,0,0,0,10,24,0,57,0,0,0,0,0,0,0,0,0,0,0,0,0,0,0,0,0,0,0,0,0,0,0,0,0,0,0,0,0,0,0,128,-,-,-,-,-,-,-,-
201801131800+0900,-,-,-,139,0,13,0,0,0,9,74,0,61,0,0,0,0,0,0,0,0,0,0,0,0,0,0,0,0,0,0,0,0,0,0,0,0,0,0,0,0,0,0,0,139,-,-,-,-,-,-,-,-
201801131830+0900,-,-,-,123,0,13,0,0,0,8,32,0,62,0,0,0,0,0,0,0,0,0,0,0,0,0,0,0,0,0,0,0,0,0,0,0,0,0,0,0,0,0,0,0,123,-,-,-,-,-,-,-,-
201801131900+0900,-,-,-,210,0,37,0,0,0,9,23,0,274,0,0,0,0,0,0,0,0,0,0,0,0,0,0,0,0,0,0,0,0,0,0,0,0,0,0,0,0,0,0,0,210,-,-,-,-,-,-,-,-
201801131930+0900,-,-,-,197,0,14,0,0,0,10,19,0,265,0,0,0,0,0,0,0,0,0,0,0,0,0,0,0,0,0,0,0,0,0,0,0,0,0,0,0,0,0,0,0,197,-,-,-,-,-,-,-,-
201801132000+0900,-,-,-,189,0,58,0,0,0,9,20,0,201,0,0,0,0,0,0,0,0,0,0,0,0,0,0,0,0,0,0,0,0,0,0,0,0,0,0,0,0,0,0,0,189,-,-,-,-,-,-,-,-
201801132030+0900,-,-,-,156,0,62,0,0,0,9,19,0,110,0,0,0,0,0,0,0,0,0,0,0,0,0,0,0,0,0,0,0,0,0,0,0,0,0,0,0,0,0,0,0,156,-,-,-,-,-,-,-,-
201801132100+0900,-,-,-,516,0,87,0,0,213,10,68,0,112,0,0,0,0,0,0,0,0,0,0,0,0,0,0,0,0,0,0,0,0,0,0,0,0,0,0,0,0,0,0,0,516,-,-,-,-,-,-,-,-
201801132130+0900,-,-,-,782,0,152,0,3,295,4,45,0,117,0,0,0,0,0,0,0,0,0,0,0,0,0,0,0,0,0,0,0,0,0,0,0,0,0,0,0,0,0,0,0,782,-,-,-,-,-,-,-,-
201801132200+0900,-,-,-,676,0,141,0,9,264,0,1,0,102,0,0,0,0,0,0,0,0,0,0,0,0,0,0,0,0,0,0,0,0,0,0,0,0,0,0,0,0,0,0,0,676,-,-,-,-,-,-,-,-
201801132230+0900,-,-,-,608,0,64,0,0,258,0,0,0,38,0,0,0,0,0,0,0,0,0,0,0,0,0,0,0,0,0,0,0,0,0,0,0,0,0,0,0,0,0,0,0,608,-,-,-,-,-,-,-,-
201801132300+0900,-,-,-,272,0,88,0,0,11,0,0,0,27,0,0,0,0,0,0,0,0,0,0,0,0,0,0,0,0,0,0,0,0,0,0,0,0,0,0,0,0,0,0,0,272,-,-,-,-,-,-,-,-
201801132330+0900,-,-,-,214,0,42,0,5,0,0,0,0,21,0,0,0,0,0,0,0,0,0,0,0,0,0,0,0,0,0,0,0,0,0,0,0,0,0,0,0,0,0,0,0,214,-,-,-,-,-,-,-,-
201801140000+0900,-,-,-,105,0,57,0,0,0,0,0,0,20,0,0,0,0,0,0,0,0,0,0,0,0,0,0,0,0,0,0,0,0,0,0,0,0,0,0,0,0,0,0,0,105,-,-,-,-,-,-,-,-
201801140030+0900,-,-,-,92,0,54,0,0,0,0,0,0,19,0,0,0,0,0,0,0,0,0,0,0,0,0,0,0,0,0,0,0,0,0,0,0,0,0,0,0,0,0,0,0,92,-,-,-,-,-,-,-,-
201801140100+0900,-,-,-,100,0,72,0,0,0,0,0,0,14,0,0,0,0,0,0,0,0,0,0,0,0,0,0,0,0,0,0,0,0,0,0,0,0,0,0,0,0,0,0,0,100,-,-,-,-,-,-,-,-
201801140130+0900,-,-,-,95,0,69,0,0,0,0,0,0,13,0,0,0,0,0,0,0,0,0,0,0,0,0,0,0,0,0,0,0,0,0,0,0,0,0,0,0,0,0,0,0,95,-,-,-,-,-,-,-,-
201801140200+0900,-,-,-,93,0,57,0,0,0,0,0,0,14,0,0,0,0,0,0,0,0,0,0,0,0,0,0,0,0,0,0,0,0,0,0,0,0,0,0,0,0,0,0,0,93,-,-,-,-,-,-,-,-
201801140230+0900,-,-,-,101,0,78,0,0,0,0,0,0,14,0,0,0,0,0,0,0,0,0,0,0,0,0,0,0,0,0,0,0,0,0,0,0,0,0,0,0,0,0,0,0,101,-,-,-,-,-,-,-,-
201801140300+0900,-,-,-,90,0,56,0,0,0,0,0,0,14,0,0,0,0,0,0,0,0,0,0,0,0,0,0,0,0,0,0,0,0,0,0,0,0,0,0,0,0,0,0,0,90,-,-,-,-,-,-,-,-
201801140330+0900,-,-,-,105,0,90,0,0,0,0,0,0,13,0,0,0,0,0,0,0,0,0,0,0,0,0,0,0,0,0,0,0,0,0,0,0,0,0,0,0,0,0,0,0,105,-,-,-,-,-,-,-,-
201801140400+0900,-,-,-,123,0,129,0,0,0,0,0,0,14,0,0,0,0,0,0,0,0,0,0,0,0,0,0,0,0,0,0,0,0,0,0,0,0,0,0,0,0,0,0,0,123,-,-,-,-,-,-,-,-
201801140430+0900,-,-,-,99,0,87,0,0,0,0,0,0,14,0,0,0,0,0,0,0,0,0,0,0,0,0,0,0,0,0,0,0,0,0,0,0,0,0,0,0,0,0,0,0,99,-,-,-,-,-,-,-,-
201801140500+0900,-,-,-,105,0,77,0,0,0,0,0,0,16,0,0,0,0,0,0,0,0,0,0,0,0,0,0,0,0,0,0,0,0,0,0,0,0,0,0,0,0,0,0,0,105,-,-,-,-,-,-,-,-
201801140530+0900,-,-,-,92,0,54,0,0,0,0,0,0,24,0,0,0,0,0,0,0,0,0,0,0,0,0,0,0,0,0,0,0,0,0,0,0,0,0,0,0,0,0,0,0,92,-,-,-,-,-,-,-,-
201801140600+0900,-,-,-,102,0,67,0,0,0,0,0,0,24,0,0,0,0,0,0,0,0,0,0,0,0,0,0,0,0,0,0,0,0,0,0,0,0,0,0,0,0,0,0,0,102,-,-,-,-,-,-,-,-
201801140630+0900,-,-,-,120,0,69,0,9,0,0,40,0,23,0,0,0,0,0,0,0,0,0,0,0,0,0,0,0,0,0,0,0,0,0,0,0,0,0,0,0,0,0,0,0,120,-,-,-,-,-,-,-,-
201801140700+0900,-,-,-,243,0,121,0,6,0,252,34,0,20,2,0,0,0,0,0,0,0,0,0,0,0,0,0,0,0,0,0,0,0,0,0,0,0,0,0,0,0,0,0,0,243,-,-,-,-,-,-,-,-
201801140730+0900,-,-,-,238,0,93,0,0,0,1,345,0,13,2,0,0,0,0,0,0,0,0,0,0,0,0,0,0,0,0,0,0,0,0,0,0,0,0,0,0,0,0,0,0,238,-,-,-,-,-,-,-,-
201801140800+0900,-,-,-,154,0,80,0,0,0,6,31,0,13,0,0,0,0,0,0,0,0,0,0,0,0,0,0,0,0,0,0,0,0,0,0,0,0,0,0,0,0,0,0,0,154,-,-,-,-,-,-,-,-
201801140830+0900,-,-,-,123,0,61,0,0,0,7,32,0,14,0,0,0,0,0,0,0,0,0,0,0,0,0,0,0,0,0,0,0,0,0,0,0,0,0,0,0,0,0,0,0,123,-,-,-,-,-,-,-,-
201801140900+0900,-,-,-,134,0,83,0,0,0,9,31,0,13,0,0,0,0,0,0,0,0,0,0,0,0,0,0,0,0,0,0,0,0,0,0,0,0,0,0,0,0,0,0,0,134,-,-,-,-,-,-,-,-
201801140930+0900,-,-,-,144,0,66,0,0,0,9,23,0,49,0,0,0,0,0,0,0,0,0,0,0,0,0,0,0,0,0,0,0,0,0,0,0,0,0,0,0,0,0,0,0,144,-,-,-,-,-,-,-,-
201801141000+0900,-,-,-,108,0,20,0,0,0,9,0,0,50,0,0,0,0,0,0,0,0,0,0,0,0,0,0,0,0,0,0,0,0,0,0,0,0,0,0,0,0,0,0,0,108,-,-,-,-,-,-,-,-
201801141030+0900,-,-,-,120,0,42,0,0,0,9,0,0,50,0,0,0,0,0,0,0,0,0,0,0,0,0,0,0,0,0,0,0,0,0,0,0,0,0,0,0,0,0,0,0,120,-,-,-,-,-,-,-,-
201801141100+0900,-,-,-,100,0,14,0,0,0,10,0,0,52,0,0,0,0,0,0,0,0,0,0,0,0,0,0,0,0,0,0,0,0,0,0,0,0,0,0,0,0,0,0,0,100,-,-,-,-,-,-,-,-
201801141130+0900,-,-,-,107,0,16,0,0,0,9,29,0,53,0,0,0,0,0,0,0,0,0,0,0,0,0,0,0,0,0,0,0,0,0,0,0,0,0,0,0,0,0,0,0,107,-,-,-,-,-,-,-,-
201801141200+0900,-,-,-,138,0,44,0,0,0,33,55,0,49,0,0,0,0,0,0,0,0,0,0,0,0,0,0,0,0,0,0,0,0,0,0,0,0,0,0,0,0,0,0,0,138,-,-,-,-,-,-,-,-
201801141230+0900,-,-,-,111,0,31,0,0,0,9,15,0,45,0,0,0,0,0,0,0,0,0,0,0,0,0,0,0,0,0,0,0,0,0,0,0,0,0,0,0,0,0,0,0,111,-,-,-,-,-,-,-,-
201801141300+0900,-,-,-,108,0,41,0,0,0,9,0,0,50,0,0,0,0,0,0,0,0,0,0,0,0,0,0,0,0,0,0,0,0,0,0,0,0,0,0,0,0,0,0,0,108,-,-,-,-,-,-,-,-
201801141330+0900,-,-,-,100,0,20,0,0,0,9,0,0,54,0,0,0,0,0,0,0,0,0,0,0,0,0,0,0,0,0,0,0,0,0,0,0,0,0,0,0,0,0,0,0,100,-,-,-,-,-,-,-,-
201801141400+0900,-,-,-,131,0,21,0,0,0,10,0,0,55,0,0,0,0,0,0,0,0,0,0,0,0,0,0,0,0,0,0,0,0,0,0,0,0,0,0,0,0,0,0,0,131,-,-,-,-,-,-,-,-
201801141430+0900,-,-,-,120,0,30,0,0,0,9,0,0,61,0,0,0,0,0,0,0,0,0,0,0,0,0,0,0,0,0,0,0,0,0,0,0,0,0,0,0,0,0,0,0,120,-,-,-,-,-,-,-,-
201801141500+0900,-,-,-,124,0,11,0,0,0,10,0,0,104,0,0,0,0,0,0,0,0,0,0,0,0,0,0,0,0,0,0,0,0,0,0,0,0,0,0,0,0,0,0,0,124,-,-,-,-,-,-,-,-
201801141530+0900,-,-,-,489,0,48,0,0,247,9,60,0,64,1,0,0,0,0,0,0,0,0,0,0,0,0,0,0,0,0,0,0,0,0,0,0,0,0,0,0,0,0,0,0,489,-,-,-,-,-,-,-,-
201801141600+0900,-,-,-,270,0,31,0,0,0,9,31,0,52,0,0,0,0,0,0,0,0,0,0,0,0,0,0,0,0,0,0,0,0,0,0,0,0,0,0,0,0,0,0,0,270,-,-,-,-,-,-,-,-
201801141630+0900,-,-,-,194,0,25,0,0,0,8,28,0,26,0,0,0,0,0,0,0,0,0,0,0,0,0,0,0,0,0,0,0,0,0,0,0,0,0,0,0,0,0,0,0,194,-,-,-,-,-,-,-,-
201801141700+0900,-,-,-,108,0,40,0,0,0,10,0,0,13,0,0,0,0,0,0,0,0,0,0,0,0,0,0,0,0,0,0,0,0,0,0,0,0,0,0,0,0,0,0,0,108,-,-,-,-,-,-,-,-
201801141730+0900,-,-,-,93,0,13,0,0,0,8,0,0,13,0,0,0,0,0,0,0,0,0,0,0,0,0,0,0,0,0,0,0,0,0,0,0,0,0,0,0,0,0,0,0,93,-,-,-,-,-,-,-,-
201801141800+0900,-,-,-,102,0,28,0,0,0,10,0,0,13,0,0,0,0,0,0,0,0,0,0,0,0,0,0,0,0,0,0,0,0,0,0,0,0,0,0,0,0,0,0,0,102,-,-,-,-,-,-,-,-
201801141830+0900,-,-,-,99,0,28,0,0,0,9,0,0,14,0,0,0,0,0,0,0,0,0,0,0,0,0,0,0,0,0,0,0,0,0,0,0,0,0,0,0,0,0,0,0,99,-,-,-,-,-,-,-,-
201801141900+0900,-,-,-,98,0,26,0,0,0,9,0,0,13,0,0,0,0,0,0,0,0,0,0,0,0,0,0,0,0,0,0,0,0,0,0,0,0,0,0,0,0,0,0,0,98,-,-,-,-,-,-,-,-
201801141930+0900,-,-,-,103,0,36,0,0,0,10,0,0,13,0,0,0,0,0,0,0,0,0,0,0,0,0,0,0,0,0,0,0,0,0,0,0,0,0,0,0,0,0,0,0,103,-,-,-,-,-,-,-,-
201801142000+0900,-,-,-,95,0,16,0,0,0,9,0,0,13,0,0,0,0,0,0,0,0,0,0,0,0,0,0,0,0,0,0,0,0,0,0,0,0,0,0,0,0,0,0,0,95,-,-,-,-,-,-,-,-
201801142030+0900,-,-,-,114,0,69,0,0,0,10,0,0,13,0,0,0,0,0,0,0,0,0,0,0,0,0,0,0,0,0,0,0,0,0,0,0,0,0,0,0,0,0,0,0,114,-,-,-,-,-,-,-,-
201801142100+0900,-,-,-,524,0,126,0,0,171,10,68,0,128,0,0,0,0,0,0,0,0,0,0,0,0,0,0,0,0,0,0,0,0,0,0,0,0,0,0,0,0,0,0,0,524,-,-,-,-,-,-,-,-
201801142130+0900,-,-,-,767,0,187,0,6,275,9,13,0,175,1,0,0,0,0,0,0,0,0,0,0,0,0,0,0,0,0,0,0,0,0,0,0,0,0,0,0,0,0,0,0,767,-,-,-,-,-,-,-,-
201801142200+0900,-,-,-,652,0,148,0,3,262,0,0,0,69,0,0,0,0,0,0,0,0,0,0,0,0,0,0,0,0,0,0,0,0,0,0,0,0,0,0,0,0,0,0,0,652,-,-,-,-,-,-,-,-
201801142230+0900,-,-,-,422,0,103,0,0,114,0,0,0,20,0,0,0,0,0,0,0,0,0,0,0,0,0,0,0,0,0,0,0,0,0,0,0,0,0,0,0,0,0,0,0,422,-,-,-,-,-,-,-,-
201801142300+0900,-,-,-,337,0,179,0,0,0,0,1,0,16,0,0,0,0,0,0,0,0,0,0,0,0,0,0,0,0,0,0,0,0,0,0,0,0,0,0,0,0,0,0,0,337,-,-,-,-,-,-,-,-
201801142330+0900,-,-,-,116,0,81,0,10,0,0,0,0,13,0,0,0,0,0,0,0,0,0,0,0,0,0,0,0,0,0,0,0,0,0,0,0,0,0,0,0,0,0,0,0,116,-,-,-,-,-,-,-,-
201801150000+0900,-,-,-,109,0,106,0,0,0,0,0,0,17,0,0,0,0,0,0,0,0,0,0,0,0,0,0,0,0,0,0,0,0,0,0,0,0,0,0,0,0,0,0,0,109,-,-,-,-,-,-,-,-
201801150030+0900,-,-,-,103,0,94,0,0,0,0,0,0,15,0,0,0,0,0,0,0,0,0,0,0,0,0,0,0,0,0,0,0,0,0,0,0,0,0,0,0,0,0,0,0,103,-,-,-,-,-,-,-,-
201801150100+0900,-,-,-,89,0,62,0,0,0,0,0,0,11,0,0,0,0,0,0,0,0,0,0,0,0,0,0,0,0,0,0,0,0,0,0,0,0,0,0,0,0,0,0,0,89,-,-,-,-,-,-,-,-
201801150130+0900,-,-,-,100,0,76,0,0,0,0,0,0,11,0,0,0,0,0,0,0,0,0,0,0,0,0,0,0,0,0,0,0,0,0,0,0,0,0,0,0,0,0,0,0,100,-,-,-,-,-,-,-,-
201801150200+0900,-,-,-,86,0,56,0,0,0,0,0,0,12,0,0,0,0,0,0,0,0,0,0,0,0,0,0,0,0,0,0,0,0,0,0,0,0,0,0,0,0,0,0,0,86,-,-,-,-,-,-,-,-
201801150230+0900,-,-,-,100,0,78,0,0,0,0,0,0,11,0,0,0,0,0,0,0,0,0,0,0,0,0,0,0,0,0,0,0,0,0,0,0,0,0,0,0,0,0,0,0,100,-,-,-,-,-,-,-,-
201801150300+0900,-,-,-,89,0,55,0,0,0,0,0,0,12,0,0,0,0,0,0,0,0,0,0,0,0,0,0,0,0,0,0,0,0,0,0,0,0,0,0,0,0,0,0,0,89,-,-,-,-,-,-,-,-
201801150330+0900,-,-,-,91,0,56,0,0,0,0,0,0,11,0,0,0,0,0,0,0,0,0,0,0,0,0,0,0,0,0,0,0,0,0,0,0,0,0,0,0,0,0,0,0,91,-,-,-,-,-,-,-,-
201801150400+0900,-,-,-,100,0,78,0,0,0,0,0,0,11,0,0,0,0,0,0,0,0,0,0,0,0,0,0,0,0,0,0,0,0,0,0,0,0,0,0,0,0,0,0,0,100,-,-,-,-,-,-,-,-
201801150430+0900,-,-,-,104,0,95,0,0,0,0,0,0,13,0,0,0,0,0,0,0,0,0,0,0,0,0,0,0,0,0,0,0,0,0,0,0,0,0,0,0,0,0,0,0,104,-,-,-,-,-,-,-,-
201801150500+0900,-,-,-,161,0,118,0,0,0,0,113,0,14,11,0,0,0,0,0,0,0,0,0,0,0,0,0,0,0,0,0,0,0,0,0,0,0,0,0,0,0,0,0,0,161,-,-,-,-,-,-,-,-
201801150530+0900,-,-,-,174,0,64,0,1,0,36,154,0,26,26,0,0,0,0,0,0,0,0,0,0,0,0,0,0,0,0,0,0,0,0,0,0,0,0,0,0,0,0,0,0,174,-,-,-,-,-,-,-,-
201801150600+0900,-,-,-,201,0,67,0,9,0,181,38,0,22,10,0,0,0,0,0,0,0,0,0,0,0,0,0,0,0,0,0,0,0,0,0,0,0,0,0,0,0,0,0,0,201,-,-,-,-,-,-,-,-
201801150630+0900,-,-,-,185,0,85,0,7,0,45,124,0,11,0,0,0,0,0,0,0,0,0,0,0,0,0,0,0,0,0,0,0,0,0,0,0,0,0,0,0,0,0,0,0,185,-,-,-,-,-,-,-,-
201801150700+0900,-,-,-,149,0,88,0,1,0,10,36,0,11,1,0,0,0,0,0,0,0,0,0,0,0,0,0,0,0,0,0,0,0,0,0,0,0,0,0,0,0,0,0,0,149,-,-,-,-,-,-,-,-
201801150730+0900,-,-,-,109,0,59,0,4,0,9,32,0,11,0,0,0,0,0,0,0,0,0,0,0,0,0,0,0,0,0,0,0,0,0,0,0,0,0,0,0,0,0,0,0,109,-,-,-,-,-,-,-,-
201801150800+0900,-,-,-,122,0,84,0,0,0,7,31,0,11,1,0,0,0,0,0,0,0,0,0,0,0,0,0,0,0,0,0,0,0,0,0,0,0,0,0,0,0,0,0,0,122,-,-,-,-,-,-,-,-
201801150830+0900,-,-,-,160,0,74,0,0,0,73,31,0,11,52,0,0,0,0,0,0,0,0,0,0,0,0,0,0,0,0,0,0,0,0,0,0,0,0,0,0,0,0,0,0,160,-,-,-,-,-,-,-,-
201801150900+0900,-,-,-,133,0,35,0,0,0,22,31,0,11,53,0,0,0,0,0,0,0,0,0,0,0,0,0,0,0,0,0,0,0,0,0,0,0,0,0,0,0,0,0,0,133,-,-,-,-,-,-,-,-
201801150930+0900,-,-,-,103,0,22,0,0,0,7,31,0,11,7,0,0,0,0,0,0,0,0,0,0,0,0,0,0,0,0,0,0,0,0,0,0,0,0,0,0,0,0,0,0,103,-,-,-,-,-,-,-,-
201801151000+0900,-,-,-,116,0,33,0,0,0,4,33,0,12,0,0,0,0,0,0,0,0,0,0,0,0,0,0,0,0,0,0,0,0,0,0,0,0,0,0,0,0,0,0,0,116,-,-,-,-,-,-,-,-
201801151030+0900,-,-,-,87,0,18,0,0,0,0,21,0,11,0,0,0,0,0,0,0,0,0,0,0,0,0,0,0,0,0,0,0,0,0,0,0,0,0,0,0,0,0,0,0,87,-,-,-,-,-,-,-,-
201801151100+0900,-,-,-,77,0,36,0,0,0,0,0,0,11,0,0,0,0,0,0,0,0,0,0,0,0,0,0,0,0,0,0,0,0,0,0,0,0,0,0,0,0,0,0,0,77,-,-,-,-,-,-,-,-
201801151130+0900,-,-,-,75,0,36,0,0,0,0,0,0,11,0,0,0,0,0,0,0,0,0,0,0,0,0,0,0,0,0,0,0,0,0,0,0,0,0,0,0,0,0,0,0,75,-,-,-,-,-,-,-,-
201801151200+0900,-,-,-,68,0,16,0,0,0,0,0,0,11,0,0,0,0,0,0,0,0,0,0,0,0,0,0,0,0,0,0,0,0,0,0,0,0,0,0,0,0,0,0,0,68,-,-,-,-,-,-,-,-
201801151230+0900,-,-,-,75,0,29,0,0,0,0,0,0,11,0,0,0,0,0,0,0,0,0,0,0,0,0,0,0,0,0,0,0,0,0,0,0,0,0,0,0,0,0,0,0,75,-,-,-,-,-,-,-,-
201801151300+0900,-,-,-,71,0,23,0,0,0,0,0,0,11,0,0,0,0,0,0,0,0,0,0,0,0,0,0,0,0,0,0,0,0,0,0,0,0,0,0,0,0,0,0,0,71,-,-,-,-,-,-,-,-
201801151330+0900,-,-,-,66,0,13,0,0,0,0,0,0,11,0,0,0,0,0,0,0,0,0,0,0,0,0,0,0,0,0,0,0,0,0,0,0,0,0,0,0,0,0,0,0,66,-,-,-,-,-,-,-,-
201801151400+0900,-,-,-,106,0,40,0,0,0,0,0,0,11,0,0,0,0,0,0,0,0,0,0,0,0,0,0,0,0,0,0,0,0,0,0,0,0,0,0,0,0,0,0,0,106,-,-,-,-,-,-,-,-
201801151430+0900,-,-,-,80,0,13,0,0,0,0,0,0,11,0,0,0,0,0,0,0,0,0,0,0,0,0,0,0,0,0,0,0,0,0,0,0,0,0,0,0,0,0,0,0,80,-,-,-,-,-,-,-,-
201801151500+0900,-,-,-,85,0,30,0,0,0,0,0,0,11,0,0,0,0,0,0,0,0,0,0,0,0,0,0,0,0,0,0,0,0,0,0,0,0,0,0,0,0,0,0,0,85,-,-,-,-,-,-,-,-
201801151530+0900,-,-,-,81,0,22,0,0,0,0,0,0,11,0,0,0,0,0,0,0,0,0,0,0,0,0,0,0,0,0,0,0,0,0,0,0,0,0,0,0,0,0,0,0,81,-,-,-,-,-,-,-,-
201801151600+0900,-,-,-,80,0,15,0,0,0,0,0,0,11,0,0,0,0,0,0,0,0,0,0,0,0,0,0,0,0,0,0,0,0,0,0,0,0,0,0,0,0,0,0,0,80,-,-,-,-,-,-,-,-
201801151630+0900,-,-,-,89,0,36,0,0,0,0,0,0,11,0,0,0,0,0,0,0,0,0,0,0,0,0,0,0,0,0,0,0,0,0,0,0,0,0,0,0,0,0,0,0,89,-,-,-,-,-,-,-,-
201801151700+0900,-,-,-,80,0,18,0,0,0,0,0,0,11,0,0,0,0,0,0,0,0,0,0,0,0,0,0,0,0,0,0,0,0,0,0,0,0,0,0,0,0,0,0,0,80,-,-,-,-,-,-,-,-
201801151730+0900,-,-,-,106,0,34,0,5,0,0,55,0,11,0,0,0,0,0,0,0,0,0,0,0,0,0,0,0,0,0,0,0,0,0,0,0,0,0,0,0,0,0,0,0,106,-,-,-,-,-,-,-,-
201801151800+0900,-,-,-,170,0,39,0,0,0,50,37,0,11,0,0,0,0,0,0,0,0,0,0,0,0,0,0,0,0,0,0,0,0,0,0,0,0,0,0,0,0,0,0,0,170,-,-,-,-,-,-,-,-
201801151830+0900,-,-,-,345,0,186,0,0,0,70,32,0,10,0,0,0,0,0,0,0,0,0,0,0,0,0,0,0,0,0,0,0,0,0,0,0,0,0,0,0,0,0,0,0,345,-,-,-,-,-,-,-,-
201801151900+0900,-,-,-,307,0,252,0,0,0,30,31,0,11,0,0,0,0,0,0,0,0,0,0,0,0,0,0,0,0,0,0,0,0,0,0,0,0,0,0,0,0,0,0,0,307,-,-,-,-,-,-,-,-
201801151930+0900,-,-,-,287,0,260,0,0,0,31,31,0,10,0,0,0,0,0,0,0,0,0,0,0,0,0,0,0,0,0,0,0,0,0,0,0,0,0,0,0,0,0,0,0,287,-,-,-,-,-,-,-,-
201801152000+0900,-,-,-,264,0,248,0,0,0,14,29,0,12,0,0,0,0,0,0,0,0,0,0,0,0,0,0,0,0,0,0,0,0,0,0,0,0,0,0,0,0,0,0,0,264,-,-,-,-,-,-,-,-
201801152030+0900,-,-,-,209,0,50,0,6,0,11,20,0,11,5,0,0,0,0,0,0,0,0,0,0,0,0,0,0,0,0,0,0,0,0,0,0,0,0,0,0,0,0,0,0,209,-,-,-,-,-,-,-,-
201801152100+0900,-,-,-,328,0,122,0,0,77,0,1,0,27,0,0,0,0,0,0,0,0,0,0,0,0,0,0,0,0,0,0,0,0,0,0,0,0,0,0,0,0,0,0,0,328,-,-,-,-,-,-,-,-
201801152130+0900,-,-,-,689,0,160,0,8,291,0,0,0,232,0,0,0,0,0,0,0,0,0,0,0,0,0,0,0,0,0,0,0,0,0,0,0,0,0,0,0,0,0,0,0,689,-,-,-,-,-,-,-,-
201801152200+0900,-,-,-,586,0,83,0,0,262,0,0,0,110,0,0,0,0,0,0,0,0,0,0,0,0,0,0,0,0,0,0,0,0,0,0,0,0,0,0,0,0,0,0,0,586,-,-,-,-,-,-,-,-
201801152230+0900,-,-,-,544,0,77,0,0,257,0,0,0,27,0,0,0,0,0,0,0,0,0,0,0,0,0,0,0,0,0,0,0,0,0,0,0,0,0,0,0,0,0,0,0,544,-,-,-,-,-,-,-,-
201801152300+0900,-,-,-,564,0,69,0,4,255,0,2,0,22,0,0,0,0,0,0,0,0,0,0,0,0,0,0,0,0,0,0,0,0,0,0,0,0,0,0,0,0,0,0,0,564,-,-,-,-,-,-,-,-
201801152330+0900,-,-,-,536,0,24,0,0,256,0,0,0,18,0,0,0,0,0,0,0,0,0,0,0,0,0,0,0,0,0,0,0,0,0,0,0,0,0,0,0,0,0,0,0,536,-,-,-,-,-,-,-,-
201801160000+0900,-,-,-,313,0,110,0,0,83,0,0,0,17,0,0,0,0,0,0,0,0,0,0,0,0,0,0,0,0,0,0,0,0,0,0,0,0,0,0,0,0,0,0,0,313,-,-,-,-,-,-,-,-
201801160030+0900,-,-,-,156,0,72,0,2,0,0,0,0,16,0,0,0,0,0,0,0,0,0,0,0,0,0,0,0,0,0,0,0,0,0,0,0,0,0,0,0,0,0,0,0,156,-,-,-,-,-,-,-,-
201801160100+0900,-,-,-,83,0,28,0,0,0,0,0,0,11,0,0,0,0,0,0,0,0,0,0,0,0,0,0,0,0,0,0,0,0,0,0,0,0,0,0,0,0,0,0,0,83,-,-,-,-,-,-,-,-
201801160130+0900,-,-,-,92,0,50,0,0,0,0,0,0,12,0,0,0,0,0,0,0,0,0,0,0,0,0,0,0,0,0,0,0,0,0,0,0,0,0,0,0,0,0,0,0,92,-,-,-,-,-,-,-,-
201801160200+0900,-,-,-,88,0,55,0,0,0,0,0,0,11,0,0,0,0,0,0,0,0,0,0,0,0,0,0,0,0,0,0,0,0,0,0,0,0,0,0,0,0,0,0,0,88,-,-,-,-,-,-,-,-
201801160230+0900,-,-,-,102,0,75,0,0,0,0,0,0,12,0,0,0,0,0,0,0,0,0,0,0,0,0,0,0,0,0,0,0,0,0,0,0,0,0,0,0,0,0,0,0,102,-,-,-,-,-,-,-,-
201801160300+0900,-,-,-,87,0,58,0,0,0,0,0,0,11,0,0,0,0,0,0,0,0,0,0,0,0,0,0,0,0,0,0,0,0,0,0,0,0,0,0,0,0,0,0,0,87,-,-,-,-,-,-,-,-
201801160330+0900,-,-,-,98,0,73,0,0,0,0,0,0,11,0,0,0,0,0,0,0,0,0,0,0,0,0,0,0,0,0,0,0,0,0,0,0,0,0,0,0,0,0,0,0,98,-,-,-,-,-,-,-,-
201801160400+0900,-,-,-,95,0,65,0,0,0,0,0,0,12,0,0,0,0,0,0,0,0,0,0,0,0,0,0,0,0,0,0,0,0,0,0,0,0,0,0,0,0,0,0,0,95,-,-,-,-,-,-,-,-
201801160430+0900,-,-,-,85,0,38,0,0,0,0,0,0,12,0,0,0,0,0,0,0,0,0,0,0,0,0,0,0,0,0,0,0,0,0,0,0,0,0,0,0,0,0,0,0,85,-,-,-,-,-,-,-,-
201801160500+0900,-,-,-,116,0,112,0,0,0,0,0,0,15,0,0,0,0,0,0,0,0,0,0,0,0,0,0,0,0,0,0,0,0,0,0,0,0,0,0,0,0,0,0,0,116,-,-,-,-,-,-,-,-
201801160530+0900,-,-,-,114,0,24,0,0,0,39,39,0,27,0,0,0,0,0,0,0,0,0,0,0,0,0,0,0,0,0,0,0,0,0,0,0,0,0,0,0,0,0,0,0,114,-,-,-,-,-,-,-,-
201801160600+0900,-,-,-,194,0,48,0,4,0,191,32,0,24,0,0,0,0,0,0,0,0,0,0,0,0,0,0,0,0,0,0,0,0,0,0,0,0,0,0,0,0,0,0,0,194,-,-,-,-,-,-,-,-
201801160630+0900,-,-,-,157,0,37,0,9,0,16,113,0,12,4,0,0,0,0,0,0,0,0,0,0,0,0,0,0,0,0,0,0,0,0,0,0,0,0,0,0,0,0,0,0,157,-,-,-,-,-,-,-,-
201801160700+0900,-,-,-,160,0,37,0,0,0,130,32,0,11,0,0,0,0,0,0,0,0,0,0,0,0,0,0,0,0,0,0,0,0,0,0,0,0,0,0,0,0,0,0,0,160,-,-,-,-,-,-,-,-
201801160730+0900,-,-,-,123,0,44,0,0,0,0,32,0,11,0,0,0,0,0,0,0,0,0,0,0,0,0,0,0,0,0,0,0,0,0,0,0,0,0,0,0,0,0,0,0,123,-,-,-,-,-,-,-,-
201801160800+0900,-,-,-,105,0,42,0,0,0,2,31,0,11,0,0,0,0,0,0,0,0,0,0,0,0,0,0,0,0,0,0,0,0,0,0,0,0,0,0,0,0,0,0,0,105,-,-,-,-,-,-,-,-
201801160830+0900,-,-,-,109,0,49,0,0,0,10,33,0,11,0,0,0,0,0,0,0,0,0,0,0,0,0,0,0,0,0,0,0,0,0,0,0,0,0,0,0,0,0,0,0,109,-,-,-,-,-,-,-,-
201801160900+0900,-,-,-,108,0,24,0,0,0,9,35,0,11,0,0,0,0,0,0,0,0,0,0,0,0,0,0,0,0,0,0,0,0,0,0,0,0,0,0,0,0,0,0,0,108,-,-,-,-,-,-,-,-
201801160930+0900,-,-,-,103,0,35,0,0,0,5,26,0,11,0,0,0,0,0,0,0,0,0,0,0,0,0,0,0,0,0,0,0,0,0,0,0,0,0,0,0,0,0,0,0,103,-,-,-,-,-,-,-,-
201801161000+0900,-,-,-,84,0,30,0,0,0,0,0,0,11,0,0,0,0,0,0,0,0,0,0,0,0,0,0,0,0,0,0,0,0,0,0,0,0,0,0,0,0,0,0,0,84,-,-,-,-,-,-,-,-
201801161030+0900,-,-,-,84,0,17,0,0,0,0,0,0,12,0,0,0,0,0,0,0,0,0,0,0,0,0,0,0,0,0,0,0,0,0,0,0,0,0,0,0,0,0,0,0,84,-,-,-,-,-,-,-,-
201801161100+0900,-,-,-,81,0,37,0,0,0,0,0,0,11,0,0,0,0,0,0,0,0,0,0,0,0,0,0,0,0,0,0,0,0,0,0,0,0,0,0,0,0,0,0,0,81,-,-,-,-,-,-,-,-
201801161130+0900,-,-,-,69,0,13,0,0,0,0,0,0,11,0,0,0,0,0,0,0,0,0,0,0,0,0,0,0,0,0,0,0,0,0,0,0,0,0,0,0,0,0,0,0,69,-,-,-,-,-,-,-,-
201801161200+0900,-,-,-,81,0,43,0,0,0,0,0,0,11,0,0,0,0,0,0,0,0,0,0,0,0,0,0,0,0,0,0,0,0,0,0,0,0,0,0,0,0,0,0,0,81,-,-,-,-,-,-,-,-
201801161230+0900,-,-,-,74,0,26,0,0,0,0,0,0,11,0,0,0,0,0,0,0,0,0,0,0,0,0,0,0,0,0,0,0,0,0,0,0,0,0,0,0,0,0,0,0,74,-,-,-,-,-,-,-,-
201801161300+0900,-,-,-,69,0,15,0,0,0,0,0,0,11,0,0,0,0,0,0,0,0,0,0,0,0,0,0,0,0,0,0,0,0,0,0,0,0,0,0,0,0,0,0,0,69,-,-,-,-,-,-,-,-
201801161330+0900,-,-,-,80,0,40,0,0,0,0,0,0,11,0,0,0,0,0,0,0,0,0,0,0,0,0,0,0,0,0,0,0,0,0,0,0,0,0,0,0,0,0,0,0,80,-,-,-,-,-,-,-,-
201801161400+0900,-,-,-,96,0,10,0,0,0,0,0,0,11,0,0,0,0,0,0,0,0,0,0,0,0,0,0,0,0,0,0,0,0,0,0,0,0,0,0,0,0,0,0,0,96,-,-,-,-,-,-,-,-
201801161430+0900,-,-,-,89,0,33,0,0,0,0,0,0,12,0,0,0,0,0,0,0,0,0,0,0,0,0,0,0,0,0,0,0,0,0,0,0,0,0,0,0,0,0,0,0,89,-,-,-,-,-,-,-,-
201801161500+0900,-,-,-,86,0,30,0,0,0,0,0,0,11,0,0,0,0,0,0,0,0,0,0,0,0,0,0,0,0,0,0,0,0,0,0,0,0,0,0,0,0,0,0,0,86,-,-,-,-,-,-,-,-
201801161530+0900,-,-,-,86,0,31,0,0,0,0,0,0,11,0,0,0,0,0,0,0,0,0,0,0,0,0,0,0,0,0,0,0,0,0,0,0,0,0,0,0,0,0,0,0,86,-,-,-,-,-,-,-,-
201801161600+0900,-,-,-,88,0,29,0,0,0,0,0,0,11,0,0,0,0,0,0,0,0,0,0,0,0,0,0,0,0,0,0,0,0,0,0,0,0,0,0,0,0,0,0,0,88,-,-,-,-,-,-,-,-
201801161630+0900,-,-,-,127,0,28,0,0,0,81,56,0,11,0,0,0,0,0,0,0,0,0,0,0,0,0,0,0,0,0,0,0,0,0,0,0,0,0,0,0,0,0,0,0,127,-,-,-,-,-,-,-,-
201801161700+0900,-,-,-,104,0,28,0,0,0,0,47,0,11,0,0,0,0,0,0,0,0,0,0,0,0,0,0,0,0,0,0,0,0,0,0,0,0,0,0,0,0,0,0,0,104,-,-,-,-,-,-,-,-
201801161730+0900,-,-,-,117,0,36,0,3,0,9,75,0,11,0,0,0,0,0,0,0,0,0,0,0,0,0,0,0,0,0,0,0,0,0,0,0,0,0,0,0,0,0,0,0,117,-,-,-,-,-,-,-,-
201801161800+0900,-,-,-,139,0,59,0,0,0,46,104,0,11,0,0,0,0,0,0,0,0,0,0,0,0,0,0,0,0,0,0,0,0,0,0,0,0,0,0,0,0,0,0,0,139,-,-,-,-,-,-,-,-
201801161830+0900,-,-,-,71,0,21,0,0,0,10,16,0,6,0,0,0,0,0,0,0,0,0,0,0,0,0,0,0,0,0,0,0,0,0,0,0,0,0,0,0,0,0,0,0,71,-,-,-,-,-,-,-,-
201801161900+0900,-,-,-,183,0,51,0,0,0,12,26,0,11,0,0,0,0,0,0,0,0,0,0,0,0,0,0,0,0,0,0,0,0,0,0,0,0,0,0,0,0,0,0,0,183,-,-,-,-,-,-,-,-
201801161930+0900,-,-,-,234,0,211,0,0,0,9,74,0,10,0,0,0,0,0,0,0,0,0,0,0,0,0,0,0,0,0,0,0,0,0,0,0,0,0,0,0,0,0,0,0,234,-,-,-,-,-,-,-,-
201801162000+0900,-,-,-,194,0,183,0,0,0,0,0,0,12,0,0,0,0,0,0,0,0,0,0,0,0,0,0,0,0,0,0,0,0,0,0,0,0,0,0,0,0,0,0,0,194,-,-,-,-,-,-,-,-
201801162030+0900,-,-,-,409,0,180,0,10,155,0,0,0,10,0,0,0,0,0,0,0,0,0,0,0,0,0,0,0,0,0,0,0,0,0,0,0,0,0,0,0,0,0,0,0,409,-,-,-,-,-,-,-,-
201801162100+0900,-,-,-,548,0,129,0,1,265,0,0,0,11,0,0,0,0,0,0,0,0,0,0,0,0,0,0,0,0,0,0,0,0,0,0,0,0,0,0,0,0,0,0,0,548,-,-,-,-,-,-,-,-
201801162130+0900,-,-,-,505,0,139,0,0,219,0,4,0,72,0,0,0,0,0,0,0,0,0,0,0,0,0,0,0,0,0,0,0,0,0,0,0,0,0,0,0,0,0,0,0,505,-,-,-,-,-,-,-,-
201801162200+0900,-,-,-,285,0,85,0,0,0,0,1,0,57,0,0,0,0,0,0,0,0,0,0,0,0,0,0,0,0,0,0,0,0,0,0,0,0,0,0,0,0,0,0,0,285,-,-,-,-,-,-,-,-
201801162230+0900,-,-,-,224,0,54,0,1,0,0,0,0,31,0,0,0,0,0,0,0,0,0,0,0,0,0,0,0,0,0,0,0,0,0,0,0,0,0,0,0,0,0,0,0,224,-,-,-,-,-,-,-,-
201801162300+0900,-,-,-,204,0,74,0,0,0,0,0,0,24,0,0,0,0,0,0,0,0,0,0,0,0,0,0,0,0,0,0,0,0,0,0,0,0,0,0,0,0,0,0,0,204,-,-,-,-,-,-,-,-
201801162330+0900,-,-,-,158,0,41,0,0,0,0,0,0,20,0,0,0,0,0,0,0,0,0,0,0,0,0,0,0,0,0,0,0,0,0,0,0,0,0,0,0,0,0,0,0,158,-,-,-,-,-,-,-,-
201801170000+0900,-,-,-,122,0,35,0,0,0,0,0,0,17,0,0,0,0,0,0,0,0,0,0,0,0,0,0,0,0,0,0,0,0,0,0,0,0,0,0,0,0,0,0,0,122,-,-,-,-,-,-,-,-
201801170030+0900,-,-,-,115,0,24,0,0,0,0,0,0,14,0,0,0,0,0,0,0,0,0,0,0,0,0,0,0,0,0,0,0,0,0,0,0,0,0,0,0,0,0,0,0,115,-,-,-,-,-,-,-,-
201801170100+0900,-,-,-,88,0,53,0,0,0,0,0,0,12,0,0,0,0,0,0,0,0,0,0,0,0,0,0,0,0,0,0,0,0,0,0,0,0,0,0,0,0,0,0,0,88,-,-,-,-,-,-,-,-
201801170130+0900,-,-,-,83,0,28,0,0,0,0,0,0,11,0,0,0,0,0,0,0,0,0,0,0,0,0,0,0,0,0,0,0,0,0,0,0,0,0,0,0,0,0,0,0,83,-,-,-,-,-,-,-,-
201801170200+0900,-,-,-,81,0,21,0,0,0,0,0,0,12,0,0,0,0,0,0,0,0,0,0,0,0,0,0,0,0,0,0,0,0,0,0,0,0,0,0,0,0,0,0,0,81,-,-,-,-,-,-,-,-
201801170230+0900,-,-,-,85,0,40,0,0,0,0,0,0,11,0,0,0,0,0,0,0,0,0,0,0,0,0,0,0,0,0,0,0,0,0,0,0,0,0,0,0,0,0,0,0,85,-,-,-,-,-,-,-,-
201801170300+0900,-,-,-,83,0,26,0,0,0,0,0,0,12,0,0,0,0,0,0,0,0,0,0,0,0,0,0,0,0,0,0,0,0,0,0,0,0,0,0,0,0,0,0,0,83,-,-,-,-,-,-,-,-
201801170330+0900,-,-,-,90,0,45,0,0,0,0,0,0,11,5,0,0,0,0,0,0,0,0,0,0,0,0,0,0,0,0,0,0,0,0,0,0,0,0,0,0,0,0,0,0,90,-,-,-,-,-,-,-,-
201801170400+0900,-,-,-,78,0,16,0,0,0,0,0,0,12,0,0,0,0,0,0,0,0,0,0,0,0,0,0,0,0,0,0,0,0,0,0,0,0,0,0,0,0,0,0,0,78,-,-,-,-,-,-,-,-
201801170430+0900,-,-,-,100,0,75,0,0,0,0,0,0,11,0,0,0,0,0,0,0,0,0,0,0,0,0,0,0,0,0,0,0,0,0,0,0,0,0,0,0,0,0,0,0,100,-,-,-,-,-,-,-,-
201801170500+0900,-,-,-,135,0,75,0,0,0,0,108,0,16,0,0,0,0,0,0,0,0,0,0,0,0,0,0,0,0,0,0,0,0,0,0,0,0,0,0,0,0,0,0,0,135,-,-,-,-,-,-,-,-
201801170530+0900,-,-,-,148,0,40,0,0,0,43,115,0,25,0,0,0,0,0,0,0,0,0,0,0,0,0,0,0,0,0,0,0,0,0,0,0,0,0,0,0,0,0,0,0,148,-,-,-,-,-,-,-,-
201801170600+0900,-,-,-,223,0,144,0,5,0,190,39,0,26,0,0,0,0,0,0,0,0,0,0,0,0,0,0,0,0,0,0,0,0,0,0,0,0,0,0,0,0,0,0,0,223,-,-,-,-,-,-,-,-
201801170630+0900,-,-,-,218,0,276,0,5,0,32,67,0,15,4,0,0,0,0,0,0,0,0,0,0,0,0,0,0,0,0,0,0,0,0,0,0,0,0,0,0,0,0,0,0,218,-,-,-,-,-,-,-,-
201801170700+0900,-,-,-,225,0,340,0,0,0,2,37,0,13,0,0,0,0,0,0,0,0,0,0,0,0,0,0,0,0,0,0,0,0,0,0,0,0,0,0,0,0,0,0,0,225,-,-,-,-,-,-,-,-
201801170730+0900,-,-,-,194,0,229,0,5,0,5,26,0,12,0,0,0,0,0,0,0,0,0,0,0,0,0,0,0,0,0,0,0,0,0,0,0,0,0,0,0,0,0,0,0,194,-,-,-,-,-,-,-,-
201801170800+0900,-,-,-,103,0,60,0,0,0,0,26,0,11,0,0,0,0,0,0,0,0,0,0,0,0,0,0,0,0,0,0,0,0,0,0,0,0,0,0,0,0,0,0,0,103,-,-,-,-,-,-,-,-
201801170830+0900,-,-,-,80,0,23,0,0,0,0,5,0,11,0,0,0,0,0,0,0,0,0,0,0,0,0,0,0,0,0,0,0,0,0,0,0,0,0,0,0,0,0,0,0,80,-,-,-,-,-,-,-,-
201801170900+0900,-,-,-,88,0,37,0,0,0,0,0,0,12,0,0,0,0,0,0,0,0,0,0,0,0,0,0,0,0,0,0,0,0,0,0,0,0,0,0,0,0,0,0,0,88,-,-,-,-,-,-,-,-
201801170930+0900,-,-,-,86,0,40,0,0,0,0,0,0,11,0,0,0,0,0,0,0,0,0,0,0,0,0,0,0,0,0,0,0,0,0,0,0,0,0,0,0,0,0,0,0,86,-,-,-,-,-,-,-,-
201801171000+0900,-,-,-,80,0,28,0,0,0,0,0,0,11,0,0,0,0,0,0,0,0,0,0,0,0,0,0,0,0,0,0,0,0,0,0,0,0,0,0,0,0,0,0,0,80,-,-,-,-,-,-,-,-
201801171030+0900,-,-,-,90,0,36,0,0,0,0,5,0,12,0,0,0,0,0,0,0,0,0,0,0,0,0,0,0,0,0,0,0,0,0,0,0,0,0,0,0,0,0,0,0,90,-,-,-,-,-,-,-,-
201801171100+0900,-,-,-,71,0,15,0,0,0,0,4,0,11,0,0,0,0,0,0,0,0,0,0,0,0,0,0,0,0,0,0,0,0,0,0,0,0,0,0,0,0,0,0,0,71,-,-,-,-,-,-,-,-
201801171130+0900,-,-,-,81,0,48,0,0,0,0,0,0,11,0,0,0,0,0,0,0,0,0,0,0,0,0,0,0,0,0,0,0,0,0,0,0,0,0,0,0,0,0,0,0,81,-,-,-,-,-,-,-,-
201801171200+0900,-,-,-,70,0,28,0,0,0,0,0,0,11,0,0,0,0,0,0,0,0,0,0,0,0,0,0,0,0,0,0,0,0,0,0,0,0,0,0,0,0,0,0,0,70,-,-,-,-,-,-,-,-
201801171230+0900,-,-,-,78,0,38,0,0,0,0,0,0,12,0,0,0,0,0,0,0,0,0,0,0,0,0,0,0,0,0,0,0,0,0,0,0,0,0,0,0,0,0,0,0,78,-,-,-,-,-,-,-,-
201801171300+0900,-,-,-,72,0,26,0,0,0,0,0,0,11,0,0,0,0,0,0,0,0,0,0,0,0,0,0,0,0,0,0,0,0,0,0,0,0,0,0,0,0,0,0,0,72,-,-,-,-,-,-,-,-
201801171330+0900,-,-,-,84,0,23,0,0,0,0,40,0,11,0,0,0,0,0,0,0,0,0,0,0,0,0,0,0,0,0,0,0,0,0,0,0,0,0,0,0,0,0,0,0,84,-,-,-,-,-,-,-,-
201801171400+0900,-,-,-,120,0,47,0,0,0,0,21,0,11,0,0,0,0,0,0,0,0,0,0,0,0,0,0,0,0,0,0,0,0,0,0,0,0,0,0,0,0,0,0,0,120,-,-,-,-,-,-,-,-
201801171430+0900,-,-,-,79,0,27,0,0,0,0,0,0,11,0,0,0,0,0,0,0,0,0,0,0,0,0,0,0,0,0,0,0,0,0,0,0,0,0,0,0,0,0,0,0,79,-,-,-,-,-,-,-,-
201801171500+0900,-,-,-,87,0,39,0,0,0,0,0,0,11,0,0,0,0,0,0,0,0,0,0,0,0,0,0,0,0,0,0,0,0,0,0,0,0,0,0,0,0,0,0,0,87,-,-,-,-,-,-,-,-
201801171530+0900,-,-,-,76,0,15,0,0,0,0,0,0,12,0,0,0,0,0,0,0,0,0,0,0,0,0,0,0,0,0,0,0,0,0,0,0,0,0,0,0,0,0,0,0,76,-,-,-,-,-,-,-,-
201801171600+0900,-,-,-,84,0,37,0,0,0,0,0,0,11,0,0,0,0,0,0,0,0,0,0,0,0,0,0,0,0,0,0,0,0,0,0,0,0,0,0,0,0,0,0,0,84,-,-,-,-,-,-,-,-
201801171630+0900,-,-,-,84,0,44,0,0,0,0,0,0,11,0,0,0,0,0,0,0,0,0,0,0,0,0,0,0,0,0,0,0,0,0,0,0,0,0,0,0,0,0,0,0,84,-,-,-,-,-,-,-,-
201801171700+0900,-,-,-,93,0,28,0,0,0,0,41,0,11,0,0,0,0,0,0,0,0,0,0,0,0,0,0,0,0,0,0,0,0,0,0,0,0,0,0,0,0,0,0,0,93,-,-,-,-,-,-,-,-
201801171730+0900,-,-,-,103,0,51,0,0,0,0,29,0,11,0,0,0,0,0,0,0,0,0,0,0,0,0,0,0,0,0,0,0,0,0,0,0,0,0,0,0,0,0,0,0,103,-,-,-,-,-,-,-,-
201801171800+0900,-,-,-,112,0,62,0,0,0,25,27,0,12,0,0,0,0,0,0,0,0,0,0,0,0,0,0,0,0,0,0,0,0,0,0,0,0,0,0,0,0,0,0,0,112,-,-,-,-,-,-,-,-
201801171830+0900,-,-,-,205,0,63,0,0,0,46,56,0,11,0,0,0,0,0,0,0,0,0,0,0,0,0,0,0,0,0,0,0,0,0,0,0,0,0,0,0,0,0,0,0,205,-,-,-,-,-,-,-,-
201801171900+0900,-,-,-,186,0,27,0,0,0,3,68,0,11,0,0,0,0,0,0,0,0,0,0,0,0,0,0,0,0,0,0,0,0,0,0,0,0,0,0,0,0,0,0,0,186,-,-,-,-,-,-,-,-
201801171930+0900,-,-,-,235,0,197,0,0,0,11,63,0,11,0,0,0,0,0,0,0,0,0,0,0,0,0,0,0,0,0,0,0,0,0,0,0,0,0,0,0,0,0,0,0,235,-,-,-,-,-,-,-,-
201801172000+0900,-,-,-,224,0,250,0,0,0,0,14,0,11,0,0,0,0,0,0,0,0,0,0,0,0,0,0,0,0,0,0,0,0,0,0,0,0,0,0,0,0,0,0,0,224,-,-,-,-,-,-,-,-
201801172030+0900,-,-,-,486,0,267,0,4,203,0,0,0,10,0,0,0,0,0,0,0,0,0,0,0,0,0,0,0,0,0,0,0,0,0,0,0,0,0,0,0,0,0,0,0,486,-,-,-,-,-,-,-,-
201801172100+0900,-,-,-,531,0,118,0,1,266,0,0,0,11,0,0,0,0,0,0,0,0,0,0,0,0,0,0,0,0,0,0,0,0,0,0,0,0,0,0,0,0,0,0,0,531,-,-,-,-,-,-,-,-
201801172130+0900,-,-,-,449,0,157,0,0,172,0,0,0,88,0,0,0,0,0,0,0,0,0,0,0,0,0,0,0,0,0,0,0,0,0,0,0,0,0,0,0,0,0,0,0,449,-,-,-,-,-,-,-,-
201801172200+0900,-,-,-,355,0,118,0,0,0,0,0,0,72,0,0,0,0,0,0,0,0,0,0,0,0,0,0,0,0,0,0,0,0,0,0,0,0,0,0,0,0,0,0,0,355,-,-,-,-,-,-,-,-
201801172230+0900,-,-,-,202,0,31,0,9,0,0,0,0,41,0,0,0,0,0,0,0,0,0,0,0,0,0,0,0,0,0,0,0,0,0,0,0,0,0,0,0,0,0,0,0,202,-,-,-,-,-,-,-,-
201801172300+0900,-,-,-,197,0,31,0,0,0,0,0,0,25,0,0,0,0,0,0,0,0,0,0,0,0,0,0,0,0,0,0,0,0,0,0,0,0,0,0,0,0,0,0,0,197,-,-,-,-,-,-,-,-
201801172330+0900,-,-,-,123,0,46,0,0,0,0,0,0,22,0,0,0,0,0,0,0,0,0,0,0,0,0,0,0,0,0,0,0,0,0,0,0,0,0,0,0,0,0,0,0,123,-,-,-,-,-,-,-,-
201801180000+0900,-,-,-,104,0,29,0,0,0,0,0,0,18,0,0,0,0,0,0,0,0,0,0,0,0,0,0,0,0,0,0,0,0,0,0,0,0,0,0,0,0,0,0,0,104,-,-,-,-,-,-,-,-
201801180030+0900,-,-,-,91,0,39,0,0,0,0,0,0,14,0,0,0,0,0,0,0,0,0,0,0,0,0,0,0,0,0,0,0,0,0,0,0,0,0,0,0,0,0,0,0,91,-,-,-,-,-,-,-,-
201801180100+0900,-,-,-,77,0,23,0,0,0,0,0,0,12,0,0,0,0,0,0,0,0,0,0,0,0,0,0,0,0,0,0,0,0,0,0,0,0,0,0,0,0,0,0,0,77,-,-,-,-,-,-,-,-
201801180130+0900,-,-,-,85,0,36,0,0,0,0,0,0,11,0,0,0,0,0,0,0,0,0,0,0,0,0,0,0,0,0,0,0,0,0,0,0,0,0,0,0,0,0,0,0,85,-,-,-,-,-,-,-,-
201801180200+0900,-,-,-,88,0,41,0,0,0,0,0,0,11,0,0,0,0,0,0,0,0,0,0,0,0,0,0,0,0,0,0,0,0,0,0,0,0,0,0,0,0,0,0,0,88,-,-,-,-,-,-,-,-
201801180230+0900,-,-,-,80,0,28,0,0,0,0,0,0,12,0,0,0,0,0,0,0,0,0,0,0,0,0,0,0,0,0,0,0,0,0,0,0,0,0,0,0,0,0,0,0,80,-,-,-,-,-,-,-,-
201801180300+0900,-,-,-,85,0,35,0,0,0,0,0,0,11,0,0,0,0,0,0,0,0,0,0,0,0,0,0,0,0,0,0,0,0,0,0,0,0,0,0,0,0,0,0,0,85,-,-,-,-,-,-,-,-
201801180330+0900,-,-,-,81,0,22,0,0,0,0,0,0,12,0,0,0,0,0,0,0,0,0,0,0,0,0,0,0,0,0,0,0,0,0,0,0,0,0,0,0,0,0,0,0,81,-,-,-,-,-,-,-,-
201801180400+0900,-,-,-,89,0,43,0,0,0,0,0,0,11,0,0,0,0,0,0,0,0,0,0,0,0,0,0,0,0,0,0,0,0,0,0,0,0,0,0,0,0,0,0,0,89,-,-,-,-,-,-,-,-
201801180430+0900,-,-,-,104,0,83,0,0,0,0,0,0,12,0,0,0,0,0,0,0,0,0,0,0,0,0,0,0,0,0,0,0,0,0,0,0,0,0,0,0,0,0,0,0,104,-,-,-,-,-,-,-,-
201801180500+0900,-,-,-,102,0,79,0,0,0,0,0,0,14,0,0,0,0,0,0,0,0,0,0,0,0,0,0,0,0,0,0,0,0,0,0,0,0,0,0,0,0,0,0,0,102,-,-,-,-,-,-,-,-
201801180530+0900,-,-,-,104,0,19,0,0,0,23,39,0,25,0,0,0,0,0,0,0,0,0,0,0,0,0,0,0,0,0,0,0,0,0,0,0,0,0,0,0,0,0,0,0,104,-,-,-,-,-,-,-,-
201801180600+0900,-,-,-,274,0,97,0,0,0,209,219,0,24,0,0,0,0,0,0,0,0,0,0,0,0,0,0,0,0,0,0,0,0,0,0,0,0,0,0,0,0,0,0,0,274,-,-,-,-,-,-,-,-
201801180630+0900,-,-,-,185,0,82,0,4,0,36,175,0,11,4,0,0,0,0,0,0,0,0,0,0,0,0,0,0,0,0,0,0,0,0,0,0,0,0,0,0,0,0,0,0,185,-,-,-,-,-,-,-,-
201801180700+0900,-,-,-,126,0,52,0,0,0,5,29,0,11,0,0,0,0,0,0,0,0,0,0,0,0,0,0,0,0,0,0,0,0,0,0,0,0,0,0,0,0,0,0,0,126,-,-,-,-,-,-,-,-
201801180730+0900,-,-,-,124,0,31,0,3,0,0,28,0,12,0,0,0,0,0,0,0,0,0,0,0,0,0,0,0,0,0,0,0,0,0,0,0,0,0,0,0,0,0,0,0,124,-,-,-,-,-,-,-,-
201801180800+0900,-,-,-,108,0,59,0,0,0,0,28,0,10,0,0,0,0,0,0,0,0,0,0,0,0,0,0,0,0,0,0,0,0,0,0,0,0,0,0,0,0,0,0,0,108,-,-,-,-,-,-,-,-
201801180830+0900,-,-,-,91,0,25,0,0,0,0,7,0,12,0,0,0,0,0,0,0,0,0,0,0,0,0,0,0,0,0,0,0,0,0,0,0,0,0,0,0,0,0,0,0,91,-,-,-,-,-,-,-,-
201801180900+0900,-,-,-,87,0,39,0,0,0,0,0,0,11,0,0,0,0,0,0,0,0,0,0,0,0,0,0,0,0,0,0,0,0,0,0,0,0,0,0,0,0,0,0,0,87,-,-,-,-,-,-,-,-
201801180930+0900,-,-,-,81,0,22,0,0,0,0,0,0,11,0,0,0,0,0,0,0,0,0,0,0,0,0,0,0,0,0,0,0,0,0,0,0,0,0,0,0,0,0,0,0,81,-,-,-,-,-,-,-,-
201801181000+0900,-,-,-,88,0,34,0,0,0,0,0,0,11,0,0,0,0,0,0,0,0,0,0,0,0,0,0,0,0,0,0,0,0,0,0,0,0,0,0,0,0,0,0,0,88,-,-,-,-,-,-,-,-
201801181030+0900,-,-,-,76,0,15,0,0,0,0,0,0,11,0,0,0,0,0,0,0,0,0,0,0,0,0,0,0,0,0,0,0,0,0,0,0,0,0,0,0,0,0,0,0,76,-,-,-,-,-,-,-,-
201801181100+0900,-,-,-,81,0,43,0,0,0,0,0,0,11,0,0,0,0,0,0,0,0,0,0,0,0,0,0,0,0,0,0,0,0,0,0,0,0,0,0,0,0,0,0,0,81,-,-,-,-,-,-,-,-
201801181130+0900,-,-,-,69,0,22,0,0,0,0,0,0,12,0,0,0,0,0,0,0,0,0,0,0,0,0,0,0,0,0,0,0,0,0,0,0,0,0,0,0,0,0,0,0,69,-,-,-,-,-,-,-,-
201801181200+0900,-,-,-,78,0,40,0,0,0,0,0,0,11,0,0,0,0,0,0,0,0,0,0,0,0,0,0,0,0,0,0,0,0,0,0,0,0,0,0,0,0,0,0,0,78,-,-,-,-,-,-,-,-
201801181230+0900,-,-,-,69,0,16,0,0,0,0,0,0,11,0,0,0,0,0,0,0,0,0,0,0,0,0,0,0,0,0,0,0,0,0,0,0,0,0,0,0,0,0,0,0,69,-,-,-,-,-,-,-,-
201801181300+0900,-,-,-,77,0,37,0,0,0,0,0,0,11,0,0,0,0,0,0,0,0,0,0,0,0,0,0,0,0,0,0,0,0,0,0,0,0,0,0,0,0,0,0,0,77,-,-,-,-,-,-,-,-
201801181330+0900,-,-,-,72,0,27,0,0,0,0,3,0,11,0,0,0,0,0,0,0,0,0,0,0,0,0,0,0,0,0,0,0,0,0,0,0,0,0,0,0,0,0,0,0,72,-,-,-,-,-,-,-,-
201801181400+0900,-,-,-,177,0,39,0,0,0,171,59,0,11,0,0,0,0,0,0,0,0,0,0,0,0,0,0,0,0,0,0,0,0,0,0,0,0,0,0,0,0,0,0,0,177,-,-,-,-,-,-,-,-
201801181430+0900,-,-,-,90,0,23,0,0,0,1,27,0,11,0,0,0,0,0,0,0,0,0,0,0,0,0,0,0,0,0,0,0,0,0,0,0,0,0,0,0,0,0,0,0,90,-,-,-,-,-,-,-,-
201801181500+0900,-,-,-,98,0,37,0,0,0,3,28,0,11,0,0,0,0,0,0,0,0,0,0,0,0,0,0,0,0,0,0,0,0,0,0,0,0,0,0,0,0,0,0,0,98,-,-,-,-,-,-,-,-
201801181530+0900,-,-,-,90,0,23,0,0,0,8,26,0,11,0,0,0,0,0,0,0,0,0,0,0,0,0,0,0,0,0,0,0,0,0,0,0,0,0,0,0,0,0,0,0,90,-,-,-,-,-,-,-,-
201801181600+0900,-,-,-,102,0,44,0,0,0,9,26,0,11,0,0,0,0,0,0,0,0,0,0,0,0,0,0,0,0,0,0,0,0,0,0,0,0,0,0,0,0,0,0,0,102,-,-,-,-,-,-,-,-
201801181630+0900,-,-,-,126,0,73,0,0,0,9,34,0,11,0,0,0,0,0,0,0,0,0,0,0,0,0,0,0,0,0,0,0,0,0,0,0,0,0,0,0,0,0,0,0,126,-,-,-,-,-,-,-,-
201801181700+0900,-,-,-,124,0,57,0,0,0,41,56,0,11,0,0,0,0,0,0,0,0,0,0,0,0,0,0,0,0,0,0,0,0,0,0,0,0,0,0,0,0,0,0,0,124,-,-,-,-,-,-,-,-
201801181730+0900,-,-,-,101,0,38,0,2,0,24,27,0,12,0,0,0,0,0,0,0,0,0,0,0,0,0,0,0,0,0,0,0,0,0,0,0,0,0,0,0,0,0,0,0,101,-,-,-,-,-,-,-,-
201801181800+0900,-,-,-,216,0,49,0,0,0,21,387,0,10,0,0,0,0,0,0,0,0,0,0,0,0,0,0,0,0,0,0,0,0,0,0,0,0,0,0,0,0,0,0,0,216,-,-,-,-,-,-,-,-
201801181830+0900,-,-,-,153,0,19,0,0,0,18,27,0,11,0,0,0,0,0,0,0,0,0,0,0,0,0,0,0,0,0,0,0,0,0,0,0,0,0,0,0,0,0,0,0,153,-,-,-,-,-,-,-,-
201801181900+0900,-,-,-,219,0,93,0,7,0,18,24,0,11,0,0,0,0,0,0,0,0,0,0,0,0,0,0,0,0,0,0,0,0,0,0,0,0,0,0,0,0,0,0,0,219,-,-,-,-,-,-,-,-
201801181930+0900,-,-,-,224,0,185,0,0,0,18,28,0,11,0,0,0,0,0,0,0,0,0,0,0,0,0,0,0,0,0,0,0,0,0,0,0,0,0,0,0,0,0,0,0,224,-,-,-,-,-,-,-,-
201801182000+0900,-,-,-,197,0,130,0,0,0,5,8,0,11,0,0,0,0,0,0,0,0,0,0,0,0,0,0,0,0,0,0,0,0,0,0,0,0,0,0,0,0,0,0,0,197,-,-,-,-,-,-,-,-
201801182030+0900,-,-,-,516,0,177,0,5,234,0,0,0,11,0,0,0,0,0,0,0,0,0,0,0,0,0,0,0,0,0,0,0,0,0,0,0,0,0,0,0,0,0,0,0,516,-,-,-,-,-,-,-,-
201801182100+0900,-,-,-,542,0,97,0,0,263,0,0,0,11,0,0,0,0,0,0,0,0,0,0,0,0,0,0,0,0,0,0,0,0,0,0,0,0,0,0,0,0,0,0,0,542,-,-,-,-,-,-,-,-
201801182130+0900,-,-,-,366,0,87,0,0,110,0,0,0,104,0,0,0,0,0,0,0,0,0,0,0,0,0,0,0,0,0,0,0,0,0,0,0,0,0,0,0,0,0,0,0,366,-,-,-,-,-,-,-,-
201801182200+0900,-,-,-,608,0,133,0,0,197,0,2,0,70,0,0,0,0,0,0,0,0,0,0,0,0,0,0,0,0,0,0,0,0,0,0,0,0,0,0,0,0,0,0,0,608,-,-,-,-,-,-,-,-
201801182230+0900,-,-,-,226,0,49,0,3,0,0,0,0,37,0,0,0,0,0,0,0,0,0,0,0,0,0,0,0,0,0,0,0,0,0,0,0,0,0,0,0,0,0,0,0,226,-,-,-,-,-,-,-,-
201801182300+0900,-,-,-,222,0,45,0,0,0,0,0,0,24,0,0,0,0,0,0,0,0,0,0,0,0,0,0,0,0,0,0,0,0,0,0,0,0,0,0,0,0,0,0,0,222,-,-,-,-,-,-,-,-
201801182330+0900,-,-,-,120,0,33,0,0,0,0,0,0,23,0,0,0,0,0,0,0,0,0,0,0,0,0,0,0,0,0,0,0,0,0,0,0,0,0,0,0,0,0,0,0,120,-,-,-,-,-,-,-,-
201801190000+0900,-,-,-,135,0,88,0,0,0,0,0,0,17,0,0,0,0,0,0,0,0,0,0,0,0,0,0,0,0,0,0,0,0,0,0,0,0,0,0,0,0,0,0,0,135,-,-,-,-,-,-,-,-
201801190030+0900,-,-,-,102,0,93,0,0,0,0,0,0,17,0,0,0,0,0,0,0,0,0,0,0,0,0,0,0,0,0,0,0,0,0,0,0,0,0,0,0,0,0,0,0,102,-,-,-,-,-,-,-,-
201801190100+0900,-,-,-,98,0,82,0,0,0,0,0,0,11,0,0,0,0,0,0,0,0,0,0,0,0,0,0,0,0,0,0,0,0,0,0,0,0,0,0,0,0,0,0,0,98,-,-,-,-,-,-,-,-
201801190130+0900,-,-,-,79,0,26,0,0,0,0,0,0,12,0,0,0,0,0,0,0,0,0,0,0,0,0,0,0,0,0,0,0,0,0,0,0,0,0,0,0,0,0,0,0,79,-,-,-,-,-,-,-,-
201801190200+0900,-,-,-,86,0,39,0,0,0,0,0,0,11,0,0,0,0,0,0,0,0,0,0,0,0,0,0,0,0,0,0,0,0,0,0,0,0,0,0,0,0,0,0,0,86,-,-,-,-,-,-,-,-
201801190230+0900,-,-,-,80,0,25,0,0,0,0,0,0,12,0,0,0,0,0,0,0,0,0,0,0,0,0,0,0,0,0,0,0,0,0,0,0,0,0,0,0,0,0,0,0,80,-,-,-,-,-,-,-,-
201801190300+0900,-,-,-,87,0,44,0,0,0,0,0,0,11,0,0,0,0,0,0,0,0,0,0,0,0,0,0,0,0,0,0,0,0,0,0,0,0,0,0,0,0,0,0,0,87,-,-,-,-,-,-,-,-
201801190330+0900,-,-,-,81,0,26,0,0,0,0,0,0,12,0,0,0,0,0,0,0,0,0,0,0,0,0,0,0,0,0,0,0,0,0,0,0,0,0,0,0,0,0,0,0,81,-,-,-,-,-,-,-,-
201801190400+0900,-,-,-,86,0,40,0,0,0,0,0,0,11,0,0,0,0,0,0,0,0,0,0,0,0,0,0,0,0,0,0,0,0,0,0,0,0,0,0,0,0,0,0,0,86,-,-,-,-,-,-,-,-
201801190430+0900,-,-,-,83,0,43,0,0,0,0,0,0,12,0,0,0,0,0,0,0,0,0,0,0,0,0,0,0,0,0,0,0,0,0,0,0,0,0,0,0,0,0,0,0,83,-,-,-,-,-,-,-,-
201801190500+0900,-,-,-,155,0,126,0,0,0,0,115,0,14,0,0,0,0,0,0,0,0,0,0,0,0,0,0,0,0,0,0,0,0,0,0,0,0,0,0,0,0,0,0,0,155,-,-,-,-,-,-,-,-
201801190530+0900,-,-,-,141,0,13,0,0,0,43,137,0,25,0,0,0,0,0,0,0,0,0,0,0,0,0,0,0,0,0,0,0,0,0,0,0,0,0,0,0,0,0,0,0,141,-,-,-,-,-,-,-,-
201801190600+0900,-,-,-,185,0,48,0,4,0,156,42,0,29,0,0,0,0,0,0,0,0,0,0,0,0,0,0,0,0,0,0,0,0,0,0,0,0,0,0,0,0,0,0,0,185,-,-,-,-,-,-,-,-
201801190630+0900,-,-,-,123,0,33,0,3,0,17,37,0,11,3,0,0,0,0,0,0,0,0,0,0,0,0,0,0,0,0,0,0,0,0,0,0,0,0,0,0,0,0,0,0,123,-,-,-,-,-,-,-,-
201801190700+0900,-,-,-,127,0,54,0,0,0,9,32,0,11,0,0,0,0,0,0,0,0,0,0,0,0,0,0,0,0,0,0,0,0,0,0,0,0,0,0,0,0,0,0,0,127,-,-,-,-,-,-,-,-
201801190730+0900,-,-,-,125,0,30,0,0,0,8,30,0,11,0,0,0,0,0,0,0,0,0,0,0,0,0,0,0,0,0,0,0,0,0,0,0,0,0,0,0,0,0,0,0,125,-,-,-,-,-,-,-,-
201801190800+0900,-,-,-,184,0,84,0,0,0,9,29,0,11,46,0,0,0,0,0,0,0,0,0,0,0,0,0,0,0,0,0,0,0,0,0,0,0,0,0,0,0,0,0,0,184,-,-,-,-,-,-,-,-
201801190830+0900,-,-,-,103,0,37,0,0,0,8,41,0,11,0,0,0,0,0,0,0,0,0,0,0,0,0,0,0,0,0,0,0,0,0,0,0,0,0,0,0,0,0,0,0,103,-,-,-,-,-,-,-,-
201801190900+0900,-,-,-,113,0,41,0,0,0,1,50,0,11,0,0,0,0,0,0,0,0,0,0,0,0,0,0,0,0,0,0,0,0,0,0,0,0,0,0,0,0,0,0,0,113,-,-,-,-,-,-,-,-
201801190930+0900,-,-,-,102,0,25,0,20,0,0,7,0,25,0,0,0,0,0,0,0,0,0,0,0,0,0,0,0,0,0,0,0,0,0,0,0,0,0,0,0,0,0,0,0,102,-,-,-,-,-,-,-,-
201801191000+0900,-,-,-,86,0,28,0,0,0,0,0,0,11,0,0,0,0,0,0,0,0,0,0,0,0,0,0,0,0,0,0,0,0,0,0,0,0,0,0,0,0,0,0,0,86,-,-,-,-,-,-,-,-
201801191030+0900,-,-,-,83,0,24,0,0,0,0,0,0,11,0,0,0,0,0,0,0,0,0,0,0,0,0,0,0,0,0,0,0,0,0,0,0,0,0,0,0,0,0,0,0,83,-,-,-,-,-,-,-,-
201801191100+0900,-,-,-,91,0,58,0,0,0,0,0,0,11,0,0,0,0,0,0,0,0,0,0,0,0,0,0,0,0,0,0,0,0,0,0,0,0,0,0,0,0,0,0,0,91,-,-,-,-,-,-,-,-
201801191130+0900,-,-,-,76,0,37,0,0,0,0,0,0,11,0,0,0,0,0,0,0,0,0,0,0,0,0,0,0,0,0,0,0,0,0,0,0,0,0,0,0,0,0,0,0,76,-,-,-,-,-,-,-,-
201801191200+0900,-,-,-,90,0,66,0,0,0,0,0,0,11,0,0,0,0,0,0,0,0,0,0,0,0,0,0,0,0,0,0,0,0,0,0,0,0,0,0,0,0,0,0,0,90,-,-,-,-,-,-,-,-
201801191230+0900,-,-,-,110,0,41,0,0,0,12,4,0,12,0,0,0,0,0,0,0,0,0,0,0,0,0,0,0,0,0,0,0,0,0,0,0,0,0,0,0,0,0,0,0,110,-,-,-,-,-,-,-,-
201801191300+0900,-,-,-,99,0,51,0,0,0,0,17,0,11,0,0,0,0,0,0,0,0,0,0,0,0,0,0,0,0,0,0,0,0,0,0,0,0,0,0,0,0,0,0,0,99,-,-,-,-,-,-,-,-
201801191330+0900,-,-,-,84,0,26,0,0,0,0,0,0,11,0,0,0,0,0,0,0,0,0,0,0,0,0,0,0,0,0,0,0,0,0,0,0,0,0,0,0,0,0,0,0,84,-,-,-,-,-,-,-,-
201801191400+0900,-,-,-,88,0,32,0,0,0,0,2,0,11,0,0,0,0,0,0,0,0,0,0,0,0,0,0,0,0,0,0,0,0,0,0,0,0,0,0,0,0,0,0,0,88,-,-,-,-,-,-,-,-
201801191430+0900,-,-,-,83,0,19,0,0,0,0,0,0,11,0,0,0,0,0,0,0,0,0,0,0,0,0,0,0,0,0,0,0,0,0,0,0,0,0,0,0,0,0,0,0,83,-,-,-,-,-,-,-,-
201801191500+0900,-,-,-,90,0,46,0,0,0,0,0,0,11,0,0,0,0,0,0,0,0,0,0,0,0,0,0,0,0,0,0,0,0,0,0,0,0,0,0,0,0,0,0,0,90,-,-,-,-,-,-,-,-
201801191530+0900,-,-,-,82,0,31,0,0,0,0,5,0,11,0,0,0,0,0,0,0,0,0,0,0,0,0,0,0,0,0,0,0,0,0,0,0,0,0,0,0,0,0,0,0,82,-,-,-,-,-,-,-,-
201801191600+0900,-,-,-,112,0,41,0,0,0,69,9,0,11,0,0,0,0,0,0,0,0,0,0,0,0,0,0,0,0,0,0,0,0,0,0,0,0,0,0,0,0,0,0,0,112,-,-,-,-,-,-,-,-
201801191630+0900,-,-,-,101,0,21,0,0,0,19,20,0,12,0,0,0,0,0,0,0,0,0,0,0,0,0,0,0,0,0,0,0,0,0,0,0,0,0,0,0,0,0,0,0,101,-,-,-,-,-,-,-,-
201801191700+0900,-,-,-,126,0,59,0,0,0,95,19,0,10,0,0,0,0,0,0,0,0,0,0,0,0,0,0,0,0,0,0,0,0,0,0,0,0,0,0,0,0,0,0,0,126,-,-,-,-,-,-,-,-
201801191730+0900,-,-,-,105,0,37,0,0,0,17,57,0,12,0,0,0,0,0,0,0,0,0,0,0,0,0,0,0,0,0,0,0,0,0,0,0,0,0,0,0,0,0,0,0,105,-,-,-,-,-,-,-,-
201801191800+0900,-,-,-,137,0,149,0,0,0,5,29,0,10,0,0,0,0,0,0,0,0,0,0,0,0,0,0,0,0,0,0,0,0,0,0,0,0,0,0,0,0,0,0,0,137,-,-,-,-,-,-,-,-
201801191830+0900,-,-,-,166,0,176,0,0,0,23,27,0,11,0,0,0,0,0,0,0,0,0,0,0,0,0,0,0,0,0,0,0,0,0,0,0,0,0,0,0,0,0,0,0,166,-,-,-,-,-,-,-,-
201801191900+0900,-,-,-,139,0,40,0,0,0,14,98,0,11,0,0,0,0,0,0,0,0,0,0,0,0,0,0,0,0,0,0,0,0,0,0,0,0,0,0,0,0,0,0,0,139,-,-,-,-,-,-,-,-
201801191930+0900,-,-,-,195,0,53,0,0,0,24,55,0,11,0,0,0,0,0,0,0,0,0,0,0,0,0,0,0,0,0,0,0,0,0,0,0,0,0,0,0,0,0,0,0,195,-,-,-,-,-,-,-,-
201801192000+0900,-,-,-,196,0,51,0,12,0,0,23,0,11,0,0,0,0,0,0,0,0,0,0,0,0,0,0,0,0,0,0,0,0,0,0,0,0,0,0,0,0,0,0,0,196,-,-,-,-,-,-,-,-
201801192030+0900,-,-,-,419,0,177,0,2,154,0,0,0,11,0,0,0,0,0,0,0,0,0,0,0,0,0,0,0,0,0,0,0,0,0,0,0,0,0,0,0,0,0,0,0,419,-,-,-,-,-,-,-,-
201801192100+0900,-,-,-,562,0,102,0,0,267,0,0,0,53,0,0,0,0,0,0,0,0,0,0,0,0,0,0,0,0,0,0,0,0,0,0,0,0,0,0,0,0,0,0,0,562,-,-,-,-,-,-,-,-
201801192130+0900,-,-,-,396,0,114,0,0,129,0,0,0,92,0,0,0,0,0,0,0,0,0,0,0,0,0,0,0,0,0,0,0,0,0,0,0,0,0,0,0,0,0,0,0,396,-,-,-,-,-,-,-,-
201801192200+0900,-,-,-,577,0,121,0,0,213,0,0,0,73,0,0,0,0,0,0,0,0,0,0,0,0,0,0,0,0,0,0,0,0,0,0,0,0,0,0,0,0,0,0,0,577,-,-,-,-,-,-,-,-
201801192230+0900,-,-,-,322,0,111,0,0,0,0,0,0,55,0,0,0,0,0,0,0,0,0,0,0,0,0,0,0,0,0,0,0,0,0,0,0,0,0,0,0,0,0,0,0,322,-,-,-,-,-,-,-,-
201801192300+0900,-,-,-,215,0,60,0,5,0,0,0,0,37,0,0,0,0,0,0,0,0,0,0,0,0,0,0,0,0,0,0,0,0,0,0,0,0,0,0,0,0,0,0,0,215,-,-,-,-,-,-,-,-
201801192330+0900,-,-,-,165,0,24,0,0,0,0,0,0,35,0,0,0,0,0,0,0,0,0,0,0,0,0,0,0,0,0,0,0,0,0,0,0,0,0,0,0,0,0,0,0,165,-,-,-,-,-,-,-,-
201801200000+0900,-,-,-,125,0,45,0,0,0,0,0,0,23,0,0,0,0,0,0,0,0,0,0,0,0,0,0,0,0,0,0,0,0,0,0,0,0,0,0,0,0,0,0,0,125,-,-,-,-,-,-,-,-
201801200030+0900,-,-,-,114,0,24,0,0,0,0,0,0,16,0,0,0,0,0,0,0,0,0,0,0,0,0,0,0,0,0,0,0,0,0,0,0,0,0,0,0,0,0,0,0,114,-,-,-,-,-,-,-,-
201801200100+0900,-,-,-,89,0,46,0,0,0,0,0,0,11,0,0,0,0,0,0,0,0,0,0,0,0,0,0,0,0,0,0,0,0,0,0,0,0,0,0,0,0,0,0,0,89,-,-,-,-,-,-,-,-
201801200130+0900,-,-,-,77,0,24,0,0,0,0,0,0,12,2,0,0,0,0,0,0,0,0,0,0,0,0,0,0,0,0,0,0,0,0,0,0,0,0,0,0,0,0,0,0,77,-,-,-,-,-,-,-,-
201801200200+0900,-,-,-,88,0,44,0,0,0,0,0,0,11,0,0,0,0,0,0,0,0,0,0,0,0,0,0,0,0,0,0,0,0,0,0,0,0,0,0,0,0,0,0,0,88,-,-,-,-,-,-,-,-
201801200230+0900,-,-,-,76,0,21,0,0,0,0,0,0,12,0,0,0,0,0,0,0,0,0,0,0,0,0,0,0,0,0,0,0,0,0,0,0,0,0,0,0,0,0,0,0,76,-,-,-,-,-,-,-,-
201801200300+0900,-,-,-,89,0,39,0,0,0,0,0,0,11,4,0,0,0,0,0,0,0,0,0,0,0,0,0,0,0,0,0,0,0,0,0,0,0,0,0,0,0,0,0,0,89,-,-,-,-,-,-,-,-
201801200330+0900,-,-,-,79,0,16,0,0,0,0,0,0,12,0,0,0,0,0,0,0,0,0,0,0,0,0,0,0,0,0,0,0,0,0,0,0,0,0,0,0,0,0,0,0,79,-,-,-,-,-,-,-,-
201801200400+0900,-,-,-,107,0,104,0,0,0,0,0,0,12,0,0,0,0,0,0,0,0,0,0,0,0,0,0,0,0,0,0,0,0,0,0,0,0,0,0,0,0,0,0,0,107,-,-,-,-,-,-,-,-
201801200430+0900,-,-,-,111,0,120,0,0,0,0,0,0,12,0,0,0,0,0,0,0,0,0,0,0,0,0,0,0,0,0,0,0,0,0,0,0,0,0,0,0,0,0,0,0,111,-,-,-,-,-,-,-,-
201801200500+0900,-,-,-,96,0,74,0,0,0,0,0,0,14,0,0,0,0,0,0,0,0,0,0,0,0,0,0,0,0,0,0,0,0,0,0,0,0,0,0,0,0,0,0,0,96,-,-,-,-,-,-,-,-
201801200530+0900,-,-,-,91,0,56,0,0,0,0,0,0,21,0,0,0,0,0,0,0,0,0,0,0,0,0,0,0,0,0,0,0,0,0,0,0,0,0,0,0,0,0,0,0,91,-,-,-,-,-,-,-,-
201801200600+0900,-,-,-,188,0,85,0,4,0,119,53,0,30,0,0,0,0,0,0,0,0,0,0,0,0,0,0,0,0,0,0,0,0,0,0,0,0,0,0,0,0,0,0,0,188,-,-,-,-,-,-,-,-
201801200630+0900,-,-,-,171,0,64,0,2,0,124,31,0,34,7,0,0,0,0,0,0,0,0,0,0,0,0,0,0,0,0,0,0,0,0,0,0,0,0,0,0,0,0,0,0,171,-,-,-,-,-,-,-,-
201801200700+0900,-,-,-,146,0,94,0,0,0,19,31,0,26,0,0,0,0,0,0,0,0,0,0,0,0,0,0,0,0,0,0,0,0,0,0,0,0,0,0,0,0,0,0,0,146,-,-,-,-,-,-,-,-
201801200730+0900,-,-,-,146,0,75,0,0,0,8,30,0,58,0,0,0,0,0,0,0,0,0,0,0,0,0,0,0,0,0,0,0,0,0,0,0,0,0,0,0,0,0,0,0,146,-,-,-,-,-,-,-,-
201801200800+0900,-,-,-,138,0,118,0,0,0,9,31,0,0,0,0,0,0,0,0,0,0,0,0,0,0,0,0,0,0,0,0,0,0,0,0,0,0,0,0,0,0,0,0,0,138,-,-,-,-,-,-,-,-
201801200830+0900,-,-,-,115,0,100,0,0,0,7,28,0,0,0,0,0,0,0,0,0,0,0,0,0,0,0,0,0,0,0,0,0,0,0,0,0,0,0,0,0,0,0,0,0,115,-,-,-,-,-,-,-,-
201801200900+0900,-,-,-,128,0,45,0,0,0,8,30,0,0,45,0,0,0,0,0,0,0,0,0,0,0,0,0,0,0,0,0,0,0,0,0,0,0,0,0,0,0,0,0,0,128,-,-,-,-,-,-,-,-
201801200930+0900,-,-,-,104,0,22,0,0,0,7,26,0,44,2,0,0,0,0,0,0,0,0,0,0,0,0,0,0,0,0,0,0,0,0,0,0,0,0,0,0,0,0,0,0,104,-,-,-,-,-,-,-,-
201801201000+0900,-,-,-,108,0,39,0,0,0,0,29,0,45,0,0,0,0,0,0,0,0,0,0,0,0,0,0,0,0,0,0,0,0,0,0,0,0,0,0,0,0,0,0,0,108,-,-,-,-,-,-,-,-
201801201030+0900,-,-,-,89,0,31,0,0,0,0,14,0,0,0,0,0,0,0,0,0,0,0,0,0,0,0,0,0,0,0,0,0,0,0,0,0,0,0,0,0,0,0,0,0,89,-,-,-,-,-,-,-,-
201801201100+0900,-,-,-,77,0,40,0,0,0,0,0,0,0,0,0,0,0,0,0,0,0,0,0,0,0,0,0,0,0,0,0,0,0,0,0,0,0,0,0,0,0,0,0,0,77,-,-,-,-,-,-,-,-
201801201130+0900,-,-,-,71,0,29,0,0,0,0,0,0,0,0,0,0,0,0,0,0,0,0,0,0,0,0,0,0,0,0,0,0,0,0,0,0,0,0,0,0,0,0,0,0,71,-,-,-,-,-,-,-,-
201801201200+0900,-,-,-,73,0,34,0,0,0,0,0,0,0,0,0,0,0,0,0,0,0,0,0,0,0,0,0,0,0,0,0,0,0,0,0,0,0,0,0,0,0,0,0,0,73,-,-,-,-,-,-,-,-
201801201230+0900,-,-,-,77,0,38,0,0,0,0,0,0,0,0,0,0,0,0,0,0,0,0,0,0,0,0,0,0,0,0,0,0,0,0,0,0,0,0,0,0,0,0,0,0,77,-,-,-,-,-,-,-,-
201801201300+0900,-,-,-,69,0,29,0,0,0,0,0,0,0,0,0,0,0,0,0,0,0,0,0,0,0,0,0,0,0,0,0,0,0,0,0,0,0,0,0,0,0,0,0,0,69,-,-,-,-,-,-,-,-
201801201330+0900,-,-,-,68,0,19,0,0,0,0,0,0,0,0,0,0,0,0,0,0,0,0,0,0,0,0,0,0,0,0,0,0,0,0,0,0,0,0,0,0,0,0,0,0,68,-,-,-,-,-,-,-,-
201801201400+0900,-,-,-,91,0,32,0,0,0,0,0,0,0,0,0,0,0,0,0,0,0,0,0,0,0,0,0,0,0,0,0,0,0,0,0,0,0,0,0,0,0,0,0,0,91,-,-,-,-,-,-,-,-
201801201430+0900,-,-,-,81,0,33,0,0,0,0,0,0,0,0,0,0,0,0,0,0,0,0,0,0,0,0,0,0,0,0,0,0,0,0,0,0,0,0,0,0,0,0,0,0,81,-,-,-,-,-,-,-,-
201801201500+0900,-,-,-,80,0,30,0,0,0,0,0,0,0,0,0,0,0,0,0,0,0,0,0,0,0,0,0,0,0,0,0,0,0,0,0,0,0,0,0,0,0,0,0,0,80,-,-,-,-,-,-,-,-
201801201530+0900,-,-,-,80,0,29,0,0,0,0,0,0,0,0,0,0,0,0,0,0,0,0,0,0,0,0,0,0,0,0,0,0,0,0,0,0,0,0,0,0,0,0,0,0,80,-,-,-,-,-,-,-,-
201801201600+0900,-,-,-,85,0,32,0,0,0,0,0,0,0,0,0,0,0,0,0,0,0,0,0,0,0,0,0,0,0,0,0,0,0,0,0,0,0,0,0,0,0,0,0,0,85,-,-,-,-,-,-,-,-
201801201630+0900,-,-,-,95,0,71,0,0,0,0,0,0,0,0,0,0,0,0,0,0,0,0,0,0,0,0,0,0,0,0,0,0,0,0,0,0,0,0,0,0,0,0,0,0,95,-,-,-,-,-,-,-,-
201801201700+0900,-,-,-,85,0,40,0,0,0,0,0,0,0,0,0,0,0,0,0,0,0,0,0,0,0,0,0,0,0,0,0,0,0,0,0,0,0,0,0,0,0,0,0,0,85,-,-,-,-,-,-,-,-
201801201730+0900,-,-,-,79,0,29,0,0,0,0,0,0,0,0,0,0,0,0,0,0,0,0,0,0,0,0,0,0,0,0,0,0,0,0,0,0,0,0,0,0,0,0,0,0,79,-,-,-,-,-,-,-,-
201801201800+0900,-,-,-,81,0,25,0,0,0,0,0,0,0,0,0,0,0,0,0,0,0,0,0,0,0,0,0,0,0,0,0,0,0,0,0,0,0,0,0,0,0,0,0,0,81,-,-,-,-,-,-,-,-
201801201830+0900,-,-,-,78,0,22,0,0,0,0,0,0,0,0,0,0,0,0,0,0,0,0,0,0,0,0,0,0,0,0,0,0,0,0,0,0,0,0,0,0,0,0,0,0,78,-,-,-,-,-,-,-,-
201801201900+0900,-,-,-,85,0,33,0,0,0,0,0,0,0,0,0,0,0,0,0,0,0,0,0,0,0,0,0,0,0,0,0,0,0,0,0,0,0,0,0,0,0,0,0,0,85,-,-,-,-,-,-,-,-
201801201930+0900,-,-,-,139,0,32,0,0,0,12,44,0,0,0,0,0,0,0,0,0,0,0,0,0,0,0,0,0,0,0,0,0,0,0,0,0,0,0,0,0,0,0,0,0,139,-,-,-,-,-,-,-,-
201801202000+0900,-,-,-,367,0,70,0,2,86,38,23,0,0,0,0,0,0,0,0,0,0,0,0,0,0,0,0,0,0,0,0,0,0,0,0,0,0,0,0,0,0,0,0,0,367,-,-,-,-,-,-,-,-
201801202030+0900,-,-,-,413,0,93,0,0,161,0,0,0,0,0,0,0,0,0,0,0,0,0,0,0,0,0,0,0,0,0,0,0,0,0,0,0,0,0,0,0,0,0,0,0,413,-,-,-,-,-,-,-,-
201801202100+0900,-,-,-,180,0,88,0,0,0,0,0,0,0,0,0,0,0,0,0,0,0,0,0,0,0,0,0,0,0,0,0,0,0,0,0,0,0,0,0,0,0,0,0,0,180,-,-,-,-,-,-,-,-
201801202130+0900,-,-,-,183,0,99,0,0,0,0,0,0,0,0,0,0,0,0,0,0,0,0,0,0,0,0,0,0,0,0,0,0,0,0,0,0,0,0,0,0,0,0,0,0,183,-,-,-,-,-,-,-,-
201801202200+0900,-,-,-,620,0,175,0,0,279,0,0,0,141,0,0,0,0,0,0,0,0,0,0,0,0,0,0,0,0,0,0,0,0,0,0,0,0,0,0,0,0,0,0,0,620,-,-,-,-,-,-,-,-
201801202230+0900,-,-,-,594,0,93,0,6,263,0,0,0,132,0,0,0,0,0,0,0,0,0,0,0,0,0,0,0,0,0,0,0,0,0,0,0,0,0,0,0,0,0,0,0,594,-,-,-,-,-,-,-,-
201801202300+0900,-,-,-,560,0,23,0,0,235,0,0,0,201,0,0,0,0,0,0,0,0,0,0,0,0,0,0,0,0,0,0,0,0,0,0,0,0,0,0,0,0,0,0,0,560,-,-,-,-,-,-,-,-
201801202330+0900,-,-,-,208,0,36,0,10,0,0,0,0,198,0,0,0,0,0,0,0,0,0,0,0,0,0,0,0,0,0,0,0,0,0,0,0,0,0,0,0,0,0,0,0,208,-,-,-,-,-,-,-,-
201801210000+0900,-,-,-,153,0,20,0,0,0,0,0,0,203,0,0,0,0,0,0,0,0,0,0,0,0,0,0,0,0,0,0,0,0,0,0,0,0,0,0,0,0,0,0,0,153,-,-,-,-,-,-,-,-
201801210030+0900,-,-,-,115,0,45,0,0,0,0,0,0,85,1,0,0,0,0,0,0,0,0,0,0,0,0,0,0,0,0,0,0,0,0,0,0,0,0,0,0,0,0,0,0,115,-,-,-,-,-,-,-,-
201801210100+0900,-,-,-,74,0,27,0,0,0,0,0,0,11,0,0,0,0,0,0,0,0,0,0,0,0,0,0,0,0,0,0,0,0,0,0,0,0,0,0,0,0,0,0,0,74,-,-,-,-,-,-,-,-
201801210130+0900,-,-,-,84,0,46,0,0,0,0,0,0,10,0,0,0,0,0,0,0,0,0,0,0,0,0,0,0,0,0,0,0,0,0,0,0,0,0,0,0,0,0,0,0,84,-,-,-,-,-,-,-,-
201801210200+0900,-,-,-,87,0,57,0,0,0,0,0,0,0,0,0,0,0,0,0,0,0,0,0,0,0,0,0,0,0,0,0,0,0,0,0,0,0,0,0,0,0,0,0,0,87,-,-,-,-,-,-,-,-
201801210230+0900,-,-,-,93,0,77,0,0,0,0,0,0,0,0,0,0,0,0,0,0,0,0,0,0,0,0,0,0,0,0,0,0,0,0,0,0,0,0,0,0,0,0,0,0,93,-,-,-,-,-,-,-,-
201801210300+0900,-,-,-,84,0,56,0,0,0,0,0,0,0,0,0,0,0,0,0,0,0,0,0,0,0,0,0,0,0,0,0,0,0,0,0,0,0,0,0,0,0,0,0,0,84,-,-,-,-,-,-,-,-
201801210330+0900,-,-,-,93,0,75,0,0,0,0,0,0,0,0,0,0,0,0,0,0,0,0,0,0,0,0,0,0,0,0,0,0,0,0,0,0,0,0,0,0,0,0,0,0,93,-,-,-,-,-,-,-,-
201801210400+0900,-,-,-,89,0,66,0,0,0,0,0,0,0,3,0,0,0,0,0,0,0,0,0,0,0,0,0,0,0,0,0,0,0,0,0,0,0,0,0,0,0,0,0,0,89,-,-,-,-,-,-,-,-
201801210430+0900,-,-,-,87,0,62,0,0,0,0,0,0,0,0,0,0,0,0,0,0,0,0,0,0,0,0,0,0,0,0,0,0,0,0,0,0,0,0,0,0,0,0,0,0,87,-,-,-,-,-,-,-,-
201801210500+0900,-,-,-,122,0,147,0,0,0,0,0,0,5,0,0,0,0,0,0,0,0,0,0,0,0,0,0,0,0,0,0,0,0,0,0,0,0,0,0,0,0,0,0,0,122,-,-,-,-,-,-,-,-
201801210530+0900,-,-,-,99,0,68,0,0,0,0,0,0,16,0,0,0,0,0,0,0,0,0,0,0,0,0,0,0,0,0,0,0,0,0,0,0,0,0,0,0,0,0,0,0,99,-,-,-,-,-,-,-,-
201801210600+0900,-,-,-,99,0,79,0,0,0,0,0,0,17,0,0,0,0,0,0,0,0,0,0,0,0,0,0,0,0,0,0,0,0,0,0,0,0,0,0,0,0,0,0,0,99,-,-,-,-,-,-,-,-
201801210630+0900,-,-,-,91,0,61,0,0,0,0,0,0,20,0,0,0,0,0,0,0,0,0,0,0,0,0,0,0,0,0,0,0,0,0,0,0,0,0,0,0,0,0,0,0,91,-,-,-,-,-,-,-,-
201801210700+0900,-,-,-,240,0,79,0,7,0,212,62,0,30,0,0,0,0,0,0,0,0,0,0,0,0,0,0,0,0,0,0,0,0,0,0,0,0,0,0,0,0,0,0,0,240,-,-,-,-,-,-,-,-
201801210730+0900,-,-,-,131,0,71,0,0,0,23,31,0,5,3,0,0,0,0,0,0,0,0,0,0,0,0,0,0,0,0,0,0,0,0,0,0,0,0,0,0,0,0,0,0,131,-,-,-,-,-,-,-,-
201801210800+0900,-,-,-,125,0,63,0,0,0,3,32,0,21,0,0,0,0,0,0,0,0,0,0,0,0,0,0,0,0,0,0,0,0,0,0,0,0,0,0,0,0,0,0,0,125,-,-,-,-,-,-,-,-
201801210830+0900,-,-,-,149,0,100,0,0,0,9,27,0,58,0,0,0,0,0,0,0,0,0,0,0,0,0,0,0,0,0,0,0,0,0,0,0,0,0,0,0,0,0,0,0,149,-,-,-,-,-,-,-,-
201801210900+0900,-,-,-,112,0,54,0,0,0,9,0,0,32,0,0,0,0,0,0,0,0,0,0,0,0,0,0,0,0,0,0,0,0,0,0,0,0,0,0,0,0,0,0,0,112,-,-,-,-,-,-,-,-
201801210930+0900,-,-,-,103,0,19,0,0,0,8,32,0,0,0,0,0,0,0,0,0,0,0,0,0,0,0,0,0,0,0,0,0,0,0,0,0,0,0,0,0,0,0,0,0,103,-,-,-,-,-,-,-,-
201801211000+0900,-,-,-,117,0,38,0,0,0,4,23,0,0,0,0,0,0,0,0,0,0,0,0,0,0,0,0,0,0,0,0,0,0,0,0,0,0,0,0,0,0,0,0,0,117,-,-,-,-,-,-,-,-
201801211030+0900,-,-,-,79,0,22,0,0,0,0,0,0,0,0,0,0,0,0,0,0,0,0,0,0,0,0,0,0,0,0,0,0,0,0,0,0,0,0,0,0,0,0,0,0,79,-,-,-,-,-,-,-,-
201801211100+0900,-,-,-,79,0,38,0,0,0,0,0,0,0,0,0,0,0,0,0,0,0,0,0,0,0,0,0,0,0,0,0,0,0,0,0,0,0,0,0,0,0,0,0,0,79,-,-,-,-,-,-,-,-
201801211130+0900,-,-,-,68,0,16,0,0,0,0,0,0,0,0,0,0,0,0,0,0,0,0,0,0,0,0,0,0,0,0,0,0,0,0,0,0,0,0,0,0,0,0,0,0,68,-,-,-,-,-,-,-,-
201801211200+0900,-,-,-,162,0,20,0,0,0,204,90,0,8,0,0,0,0,0,0,0,0,0,0,0,0,0,0,0,0,0,0,0,0,0,0,0,0,0,0,0,0,0,0,0,162,-,-,-,-,-,-,-,-
201801211230+0900,-,-,-,108,0,47,0,0,0,10,71,0,11,0,0,0,0,0,0,0,0,0,0,0,0,0,0,0,0,0,0,0,0,0,0,0,0,0,0,0,0,0,0,0,108,-,-,-,-,-,-,-,-
201801211300+0900,-,-,-,89,0,33,0,0,0,0,27,0,0,0,0,0,0,0,0,0,0,0,0,0,0,0,0,0,0,0,0,0,0,0,0,0,0,0,0,0,0,0,0,0,89,-,-,-,-,-,-,-,-
201801211330+0900,-,-,-,78,0,42,0,0,0,0,0,0,0,0,0,0,0,0,0,0,0,0,0,0,0,0,0,0,0,0,0,0,0,0,0,0,0,0,0,0,0,0,0,0,78,-,-,-,-,-,-,-,-
201801211400+0900,-,-,-,96,0,19,0,0,0,0,0,0,15,0,0,0,0,0,0,0,0,0,0,0,0,0,0,0,0,0,0,0,0,0,0,0,0,0,0,0,0,0,0,0,96,-,-,-,-,-,-,-,-
201801211430+0900,-,-,-,108,0,29,0,0,0,22,0,0,56,0,0,0,0,0,0,0,0,0,0,0,0,0,0,0,0,0,0,0,0,0,0,0,0,0,0,0,0,0,0,0,108,-,-,-,-,-,-,-,-
201801211500+0900,-,-,-,106,0,42,0,0,0,9,0,0,65,0,0,0,0,0,0,0,0,0,0,0,0,0,0,0,0,0,0,0,0,0,0,0,0,0,0,0,0,0,0,0,106,-,-,-,-,-,-,-,-
201801211530+0900,-,-,-,98,0,27,0,0,0,8,0,0,59,0,0,0,0,0,0,0,0,0,0,0,0,0,0,0,0,0,0,0,0,0,0,0,0,0,0,0,0,0,0,0,98,-,-,-,-,-,-,-,-
201801211600+0900,-,-,-,110,0,35,0,0,0,9,0,0,68,0,0,0,0,0,0,0,0,0,0,0,0,0,0,0,0,0,0,0,0,0,0,0,0,0,0,0,0,0,0,0,110,-,-,-,-,-,-,-,-
201801211630+0900,-,-,-,140,0,81,0,0,0,9,55,0,76,0,0,0,0,0,0,0,0,0,0,0,0,0,0,0,0,0,0,0,0,0,0,0,0,0,0,0,0,0,0,0,140,-,-,-,-,-,-,-,-
201801211700+0900,-,-,-,174,0,116,0,0,0,10,30,0,119,0,0,0,0,0,0,0,0,0,0,0,0,0,0,0,0,0,0,0,0,0,0,0,0,0,0,0,0,0,0,0,174,-,-,-,-,-,-,-,-
201801211730+0900,-,-,-,158,0,32,0,1,0,25,28,0,152,0,0,0,0,0,0,0,0,0,0,0,0,0,0,0,0,0,0,0,0,0,0,0,0,0,0,0,0,0,0,0,158,-,-,-,-,-,-,-,-
201801211800+0900,-,-,-,150,0,41,0,0,0,45,29,0,65,0,0,0,0,0,0,0,0,0,0,0,0,0,0,0,0,0,0,0,0,0,0,0,0,0,0,0,0,0,0,0,150,-,-,-,-,-,-,-,-
201801211830+0900,-,-,-,505,0,146,0,2,181,21,34,0,146,0,0,0,0,0,0,0,0,0,0,0,0,0,0,0,0,0,0,0,0,0,0,0,0,0,0,0,0,0,0,0,505,-,-,-,-,-,-,-,-
201801211900+0900,-,-,-,651,0,124,0,11,279,18,25,0,106,0,0,0,0,0,0,0,0,0,0,0,0,0,0,0,0,0,0,0,0,0,0,0,0,0,0,0,0,0,0,0,651,-,-,-,-,-,-,-,-
201801211930+0900,-,-,-,585,0,101,0,0,260,4,0,0,85,0,0,0,0,0,0,0,0,0,0,0,0,0,0,0,0,0,0,0,0,0,0,0,0,0,0,0,0,0,0,0,585,-,-,-,-,-,-,-,-
201801212000+0900,-,-,-,456,0,99,0,0,142,7,0,0,184,0,0,0,0,0,0,0,0,0,0,0,0,0,0,0,0,0,0,0,0,0,0,0,0,0,0,0,0,0,0,0,456,-,-,-,-,-,-,-,-
201801212030+0900,-,-,-,277,0,96,0,0,0,0,0,0,201,0,0,0,0,0,0,0,0,0,0,0,0,0,0,0,0,0,0,0,0,0,0,0,0,0,0,0,0,0,0,0,277,-,-,-,-,-,-,-,-
201801212100+0900,-,-,-,221,0,113,0,0,0,0,1,0,100,0,0,0,0,0,0,0,0,0,0,0,0,0,0,0,0,0,0,0,0,0,0,0,0,0,0,0,0,0,0,0,221,-,-,-,-,-,-,-,-
201801212130+0900,-,-,-,175,0,78,0,0,0,0,0,0,17,0,0,0,0,0,0,0,0,0,0,0,0,0,0,0,0,0,0,0,0,0,0,0,0,0,0,0,0,0,0,0,175,-,-,-,-,-,-,-,-
201801212200+0900,-,-,-,115,0,57,0,7,0,0,0,0,0,0,0,0,0,0,0,0,0,0,0,0,0,0,0,0,0,0,0,0,0,0,0,0,0,0,0,0,0,0,0,0,115,-,-,-,-,-,-,-,-
201801212230+0900,-,-,-,78,0,21,0,0,0,0,0,0,0,0,0,0,0,0,0,0,0,0,0,0,0,0,0,0,0,0,0,0,0,0,0,0,0,0,0,0,0,0,0,0,78,-,-,-,-,-,-,-,-
201801212300+0900,-,-,-,84,0,39,0,0,0,0,0,0,0,0,0,0,0,0,0,0,0,0,0,0,0,0,0,0,0,0,0,0,0,0,0,0,0,0,0,0,0,0,0,0,84,-,-,-,-,-,-,-,-
201801212330+0900,-,-,-,72,0,11,0,0,0,0,0,0,0,0,0,0,0,0,0,0,0,0,0,0,0,0,0,0,0,0,0,0,0,0,0,0,0,0,0,0,0,0,0,0,72,-,-,-,-,-,-,-,-
201801220000+0900,-,-,-,85,0,42,0,0,0,0,0,0,10,0,0,0,0,0,0,0,0,0,0,0,0,0,0,0,0,0,0,0,0,0,0,0,0,0,0,0,0,0,0,0,85,-,-,-,-,-,-,-,-
201801220030+0900,-,-,-,75,0,20,0,0,0,0,0,0,5,0,0,0,0,0,0,0,0,0,0,0,0,0,0,0,0,0,0,0,0,0,0,0,0,0,0,0,0,0,0,0,75,-,-,-,-,-,-,-,-
201801220100+0900,-,-,-,85,0,49,0,0,0,0,0,0,0,0,0,0,0,0,0,0,0,0,0,0,0,0,0,0,0,0,0,0,0,0,0,0,0,0,0,0,0,0,0,0,85,-,-,-,-,-,-,-,-
201801220130+0900,-,-,-,74,0,18,0,0,0,0,0,0,0,0,0,0,0,0,0,0,0,0,0,0,0,0,0,0,0,0,0,0,0,0,0,0,0,0,0,0,0,0,0,0,74,-,-,-,-,-,-,-,-
201801220200+0900,-,-,-,83,0,40,0,0,0,0,0,0,0,0,0,0,0,0,0,0,0,0,0,0,0,0,0,0,0,0,0,0,0,0,0,0,0,0,0,0,0,0,0,0,83,-,-,-,-,-,-,-,-
201801220230+0900,-,-,-,73,0,16,0,0,0,0,0,0,0,0,0,0,0,0,0,0,0,0,0,0,0,0,0,0,0,0,0,0,0,0,0,0,0,0,0,0,0,0,0,0,73,-,-,-,-,-,-,-,-
201801220300+0900,-,-,-,83,0,40,0,0,0,0,0,0,0,0,0,0,0,0,0,0,0,0,0,0,0,0,0,0,0,0,0,0,0,0,0,0,0,0,0,0,0,0,0,0,83,-,-,-,-,-,-,-,-
201801220330+0900,-,-,-,71,0,10,0,0,0,0,0,0,0,0,0,0,0,0,0,0,0,0,0,0,0,0,0,0,0,0,0,0,0,0,0,0,0,0,0,0,0,0,0,0,71,-,-,-,-,-,-,-,-
201801220400+0900,-,-,-,95,0,73,0,0,0,0,0,0,0,0,0,0,0,0,0,0,0,0,0,0,0,0,0,0,0,0,0,0,0,0,0,0,0,0,0,0,0,0,0,0,95,-,-,-,-,-,-,-,-
201801220430+0900,-,-,-,99,0,80,0,0,0,0,0,0,0,0,0,0,0,0,0,0,0,0,0,0,0,0,0,0,0,0,0,0,0,0,0,0,0,0,0,0,0,0,0,0,99,-,-,-,-,-,-,-,-
201801220500+0900,-,-,-,119,0,40,0,0,0,0,106,0,5,0,0,0,0,0,0,0,0,0,0,0,0,0,0,0,0,0,0,0,0,0,0,0,0,0,0,0,0,0,0,0,119,-,-,-,-,-,-,-,-
201801220530+0900,-,-,-,123,0,16,0,0,0,28,111,0,23,0,0,0,0,0,0,0,0,0,0,0,0,0,0,0,0,0,0,0,0,0,0,0,0,0,0,0,0,0,0,0,123,-,-,-,-,-,-,-,-
201801220600+0900,-,-,-,234,0,125,0,4,0,208,51,0,24,0,0,0,0,0,0,0,0,0,0,0,0,0,0,0,0,0,0,0,0,0,0,0,0,0,0,0,0,0,0,0,234,-,-,-,-,-,-,-,-
201801220630+0900,-,-,-,213,0,239,0,4,0,42,72,0,3,5,0,0,0,0,0,0,0,0,0,0,0,0,0,0,0,0,0,0,0,0,0,0,0,0,0,0,0,0,0,0,213,-,-,-,-,-,-,-,-
201801220700+0900,-,-,-,208,0,308,0,0,0,0,31,0,0,0,0,0,0,0,0,0,0,0,0,0,0,0,0,0,0,0,0,0,0,0,0,0,0,0,0,0,0,0,0,0,208,-,-,-,-,-,-,-,-
201801220730+0900,-,-,-,209,0,310,0,3,0,7,35,0,0,0,0,0,0,0,0,0,0,0,0,0,0,0,0,0,0,0,0,0,0,0,0,0,0,0,0,0,0,0,0,0,209,-,-,-,-,-,-,-,-
201801220800+0900,-,-,-,143,0,139,0,0,0,0,29,0,0,0,0,0,0,0,0,0,0,0,0,0,0,0,0,0,0,0,0,0,0,0,0,0,0,0,0,0,0,0,0,0,143,-,-,-,-,-,-,-,-
201801220830+0900,-,-,-,75,0,18,0,0,0,0,6,0,0,0,0,0,0,0,0,0,0,0,0,0,0,0,0,0,0,0,0,0,0,0,0,0,0,0,0,0,0,0,0,0,75,-,-,-,-,-,-,-,-
201801220900+0900,-,-,-,89,0,45,0,0,0,0,0,0,0,0,0,0,0,0,0,0,0,0,0,0,0,0,0,0,0,0,0,0,0,0,0,0,0,0,0,0,0,0,0,0,89,-,-,-,-,-,-,-,-
201801220930+0900,-,-,-,77,0,21,0,0,0,0,0,0,0,0,0,0,0,0,0,0,0,0,0,0,0,0,0,0,0,0,0,0,0,0,0,0,0,0,0,0,0,0,0,0,77,-,-,-,-,-,-,-,-
201801221000+0900,-,-,-,84,0,37,0,0,0,0,0,0,0,0,0,0,0,0,0,0,0,0,0,0,0,0,0,0,0,0,0,0,0,0,0,0,0,0,0,0,0,0,0,0,84,-,-,-,-,-,-,-,-
201801221030+0900,-,-,-,71,0,11,0,0,0,0,0,0,0,0,0,0,0,0,0,0,0,0,0,0,0,0,0,0,0,0,0,0,0,0,0,0,0,0,0,0,0,0,0,0,71,-,-,-,-,-,-,-,-
201801221100+0900,-,-,-,68,0,19,0,0,0,0,0,0,0,0,0,0,0,0,0,0,0,0,0,0,0,0,0,0,0,0,0,0,0,0,0,0,0,0,0,0,0,0,0,0,68,-,-,-,-,-,-,-,-
201801221130+0900,-,-,-,73,0,41,0,0,0,0,0,0,0,0,0,0,0,0,0,0,0,0,0,0,0,0,0,0,0,0,0,0,0,0,0,0,0,0,0,0,0,0,0,0,73,-,-,-,-,-,-,-,-
201801221200+0900,-,-,-,65,0,22,0,0,0,0,0,0,0,0,0,0,0,0,0,0,0,0,0,0,0,0,0,0,0,0,0,0,0,0,0,0,0,0,0,0,0,0,0,0,65,-,-,-,-,-,-,-,-
201801221230+0900,-,-,-,75,0,39,0,0,0,0,0,0,0,0,0,0,0,0,0,0,0,0,0,0,0,0,0,0,0,0,0,0,0,0,0,0,0,0,0,0,0,0,0,0,75,-,-,-,-,-,-,-,-
201801221300+0900,-,-,-,62,0,11,0,0,0,0,0,0,0,0,0,0,0,0,0,0,0,0,0,0,0,0,0,0,0,0,0,0,0,0,0,0,0,0,0,0,0,0,0,0,62,-,-,-,-,-,-,-,-
201801221330+0900,-,-,-,65,0,17,0,0,0,0,0,0,0,0,0,0,0,0,0,0,0,0,0,0,0,0,0,0,0,0,0,0,0,0,0,0,0,0,0,0,0,0,0,0,65,-,-,-,-,-,-,-,-
201801221400+0900,-,-,-,114,0,32,0,0,0,1,48,0,0,0,0,0,0,0,0,0,0,0,0,0,0,0,0,0,0,0,0,0,0,0,0,0,0,0,0,0,0,0,0,0,114,-,-,-,-,-,-,-,-
201801221430+0900,-,-,-,145,0,13,0,0,0,194,30,0,0,0,0,0,0,0,0,0,0,0,0,0,0,0,0,0,0,0,0,0,0,0,0,0,0,0,0,0,0,0,0,0,145,-,-,-,-,-,-,-,-
201801221500+0900,-,-,-,100,0,46,0,0,0,0,31,0,0,0,0,0,0,0,0,0,0,0,0,0,0,0,0,0,0,0,0,0,0,0,0,0,0,0,0,0,0,0,0,0,100,-,-,-,-,-,-,-,-
201801221530+0900,-,-,-,84,0,15,0,0,0,4,27,0,0,0,0,0,0,0,0,0,0,0,0,0,0,0,0,0,0,0,0,0,0,0,0,0,0,0,0,0,0,0,0,0,84,-,-,-,-,-,-,-,-
201801221600+0900,-,-,-,92,0,35,0,0,0,8,20,0,0,0,0,0,0,0,0,0,0,0,0,0,0,0,0,0,0,0,0,0,0,0,0,0,0,0,0,0,0,0,0,0,92,-,-,-,-,-,-,-,-
201801221630+0900,-,-,-,115,0,51,0,0,0,20,48,0,0,0,0,0,0,0,0,0,0,0,0,0,0,0,0,0,0,0,0,0,0,0,0,0,0,0,0,0,0,0,0,0,115,-,-,-,-,-,-,-,-
201801221700+0900,-,-,-,129,0,86,0,0,0,50,32,0,0,0,0,0,0,0,0,0,0,0,0,0,0,0,0,0,0,0,0,0,0,0,0,0,0,0,0,0,0,0,0,0,129,-,-,-,-,-,-,-,-
201801221730+0900,-,-,-,105,0,55,0,2,0,12,31,0,0,0,0,0,0,0,0,0,0,0,0,0,0,0,0,0,0,0,0,0,0,0,0,0,0,0,0,0,0,0,0,0,105,-,-,-,-,-,-,-,-
201801221800+0900,-,-,-,125,0,49,0,0,0,10,81,0,0,0,0,0,0,0,0,0,0,0,0,0,0,0,0,0,0,0,0,0,0,0,0,0,0,0,0,0,0,0,0,0,125,-,-,-,-,-,-,-,-
201801221830+0900,-,-,-,285,0,43,0,0,0,34,78,0,0,0,0,0,0,0,0,0,0,0,0,0,0,0,0,0,0,0,0,0,0,0,0,0,0,0,0,0,0,0,0,0,285,-,-,-,-,-,-,-,-
201801221900+0900,-,-,-,227,0,46,0,0,0,17,51,0,0,0,0,0,0,0,0,0,0,0,0,0,0,0,0,0,0,0,0,0,0,0,0,0,0,0,0,0,0,0,0,0,227,-,-,-,-,-,-,-,-
201801221930+0900,-,-,-,724,0,162,0,6,299,23,27,0,165,0,0,0,0,0,0,0,0,0,0,0,0,0,0,0,0,0,0,0,0,0,0,0,0,0,0,0,0,0,0,0,724,-,-,-,-,-,-,-,-
201801222000+0900,-,-,-,616,0,110,0,0,265,0,0,0,169,0,0,0,0,0,0,0,0,0,0,0,0,0,0,0,0,0,0,0,0,0,0,0,0,0,0,0,0,0,0,0,616,-,-,-,-,-,-,-,-
201801222030+0900,-,-,-,639,0,83,0,3,261,1,35,0,231,0,0,0,0,0,0,0,0,0,0,0,0,0,0,0,0,0,0,0,0,0,0,0,0,0,0,0,0,0,0,0,639,-,-,-,-,-,-,-,-
201801222100+0900,-,-,-,431,0,76,0,0,115,0,0,0,219,0,0,0,0,0,0,0,0,0,0,0,0,0,0,0,0,0,0,0,0,0,0,0,0,0,0,0,0,0,0,0,431,-,-,-,-,-,-,-,-
201801222130+0900,-,-,-,265,0,99,0,0,0,0,0,0,197,0,0,0,0,0,0,0,0,0,0,0,0,0,0,0,0,0,0,0,0,0,0,0,0,0,0,0,0,0,0,0,265,-,-,-,-,-,-,-,-
201801222200+0900,-,-,-,341,0,55,0,3,0,0,0,0,97,0,0,0,0,0,0,0,0,0,0,0,0,0,0,0,0,0,0,0,0,0,0,0,0,0,0,0,0,0,0,0,341,-,-,-,-,-,-,-,-
201801222230+0900,-,-,-,184,0,37,0,0,0,0,0,0,20,0,0,0,0,0,0,0,0,0,0,0,0,0,0,0,0,0,0,0,0,0,0,0,0,0,0,0,0,0,0,0,184,-,-,-,-,-,-,-,-
201801222300+0900,-,-,-,187,0,28,0,0,0,0,0,0,20,0,0,0,0,0,0,0,0,0,0,0,0,0,0,0,0,0,0,0,0,0,0,0,0,0,0,0,0,0,0,0,187,-,-,-,-,-,-,-,-
201801222330+0900,-,-,-,113,0,33,0,0,0,0,0,0,7,0,0,0,0,0,0,0,0,0,0,0,0,0,0,0,0,0,0,0,0,0,0,0,0,0,0,0,0,0,0,0,113,-,-,-,-,-,-,-,-
201801230000+0900,-,-,-,113,0,18,0,0,0,0,0,0,9,0,0,0,0,0,0,0,0,0,0,0,0,0,0,0,0,0,0,0,0,0,0,0,0,0,0,0,0,0,0,0,113,-,-,-,-,-,-,-,-
201801230030+0900,-,-,-,101,0,54,0,0,0,0,0,0,6,0,0,0,0,0,0,0,0,0,0,0,0,0,0,0,0,0,0,0,0,0,0,0,0,0,0,0,0,0,0,0,101,-,-,-,-,-,-,-,-
201801230100+0900,-,-,-,104,0,121,0,0,0,0,0,0,0,0,0,0,0,0,0,0,0,0,0,0,0,0,0,0,0,0,0,0,0,0,0,0,0,0,0,0,0,0,0,0,104,-,-,-,-,-,-,-,-
201801230130+0900,-,-,-,90,0,60,0,0,0,0,0,0,0,0,0,0,0,0,0,0,0,0,0,0,0,0,0,0,0,0,0,0,0,0,0,0,0,0,0,0,0,0,0,0,90,-,-,-,-,-,-,-,-
201801230200+0900,-,-,-,82,0,40,0,0,0,0,0,0,0,0,0,0,0,0,0,0,0,0,0,0,0,0,0,0,0,0,0,0,0,0,0,0,0,0,0,0,0,0,0,0,82,-,-,-,-,-,-,-,-
201801230230+0900,-,-,-,80,0,34,0,0,0,0,0,0,0,0,0,0,0,0,0,0,0,0,0,0,0,0,0,0,0,0,0,0,0,0,0,0,0,0,0,0,0,0,0,0,80,-,-,-,-,-,-,-,-
201801230300+0900,-,-,-,78,0,27,0,0,0,0,0,0,0,0,0,0,0,0,0,0,0,0,0,0,0,0,0,0,0,0,0,0,0,0,0,0,0,0,0,0,0,0,0,0,78,-,-,-,-,-,-,-,-
201801230330+0900,-,-,-,79,0,34,0,0,0,0,0,0,0,0,0,0,0,0,0,0,0,0,0,0,0,0,0,0,0,0,0,0,0,0,0,0,0,0,0,0,0,0,0,0,79,-,-,-,-,-,-,-,-
201801230400+0900,-,-,-,85,0,43,0,0,0,0,0,0,0,0,0,0,0,0,0,0,0,0,0,0,0,0,0,0,0,0,0,0,0,0,0,0,0,0,0,0,0,0,0,0,85,-,-,-,-,-,-,-,-
201801230430+0900,-,-,-,108,0,110,0,0,0,0,0,0,0,0,0,0,0,0,0,0,0,0,0,0,0,0,0,0,0,0,0,0,0,0,0,0,0,0,0,0,0,0,0,0,108,-,-,-,-,-,-,-,-
201801230500+0900,-,-,-,86,0,25,0,1,0,0,0,0,5,5,0,0,0,0,0,0,0,0,0,0,0,0,0,0,0,0,0,0,0,0,0,0,0,0,0,0,0,0,0,0,86,-,-,-,-,-,-,-,-
201801230530+0900,-,-,-,91,0,26,0,0,0,0,20,0,16,0,0,0,0,0,0,0,0,0,0,0,0,0,0,0,0,0,0,0,0,0,0,0,0,0,0,0,0,0,0,0,91,-,-,-,-,-,-,-,-
201801230600+0900,-,-,-,228,0,74,0,3,0,232,102,0,16,0,0,0,0,0,0,0,0,0,0,0,0,0,0,0,0,0,0,0,0,0,0,0,0,0,0,0,0,0,0,0,228,-,-,-,-,-,-,-,-
201801230630+0900,-,-,-,275,0,233,0,5,0,24,300,0,15,4,0,0,0,0,0,0,0,0,0,0,0,0,0,0,0,0,0,0,0,0,0,0,0,0,0,0,0,0,0,0,275,-,-,-,-,-,-,-,-
201801230700+0900,-,-,-,227,0,291,0,0,0,45,32,0,32,0,0,0,0,0,0,0,0,0,0,0,0,0,0,0,0,0,0,0,0,0,0,0,0,0,0,0,0,0,0,0,227,-,-,-,-,-,-,-,-
201801230730+0900,-,-,-,223,0,326,0,3,0,6,30,0,7,0,0,0,0,0,0,0,0,0,0,0,0,0,0,0,0,0,0,0,0,0,0,0,0,0,0,0,0,0,0,0,223,-,-,-,-,-,-,-,-
201801230800+0900,-,-,-,145,0,172,0,0,0,8,31,0,0,0,0,0,0,0,0,0,0,0,0,0,0,0,0,0,0,0,0,0,0,0,0,0,0,0,0,0,0,0,0,0,145,-,-,-,-,-,-,-,-
201801230830+0900,-,-,-,78,0,17,0,0,0,0,7,0,0,0,0,0,0,0,0,0,0,0,0,0,0,0,0,0,0,0,0,0,0,0,0,0,0,0,0,0,0,0,0,0,78,-,-,-,-,-,-,-,-
201801230900+0900,-,-,-,91,0,46,0,0,0,0,0,0,0,0,0,0,0,0,0,0,0,0,0,0,0,0,0,0,0,0,0,0,0,0,0,0,0,0,0,0,0,0,0,0,91,-,-,-,-,-,-,-,-
201801230930+0900,-,-,-,75,0,19,0,0,0,0,0,0,0,0,0,0,0,0,0,0,0,0,0,0,0,0,0,0,0,0,0,0,0,0,0,0,0,0,0,0,0,0,0,0,75,-,-,-,-,-,-,-,-
201801231000+0900,-,-,-,78,0,22,0,0,0,0,0,0,0,0,0,0,0,0,0,0,0,0,0,0,0,0,0,0,0,0,0,0,0,0,0,0,0,0,0,0,0,0,0,0,78,-,-,-,-,-,-,-,-
201801231030+0900,-,-,-,85,0,40,0,0,0,0,0,0,0,0,0,0,0,0,0,0,0,0,0,0,0,0,0,0,0,0,0,0,0,0,0,0,0,0,0,0,0,0,0,0,85,-,-,-,-,-,-,-,-
201801231100+0900,-,-,-,65,0,9,0,0,0,0,0,0,0,0,0,0,0,0,0,0,0,0,0,0,0,0,0,0,0,0,0,0,0,0,0,0,0,0,0,0,0,0,0,0,65,-,-,-,-,-,-,-,-
201801231130+0900,-,-,-,78,0,45,0,0,0,0,0,0,0,0,0,0,0,0,0,0,0,0,0,0,0,0,0,0,0,0,0,0,0,0,0,0,0,0,0,0,0,0,0,0,78,-,-,-,-,-,-,-,-
201801231200+0900,-,-,-,66,0,17,0,0,0,0,0,0,0,0,0,0,0,0,0,0,0,0,0,0,0,0,0,0,0,0,0,0,0,0,0,0,0,0,0,0,0,0,0,0,66,-,-,-,-,-,-,-,-
201801231230+0900,-,-,-,73,0,35,0,0,0,0,0,0,0,0,0,0,0,0,0,0,0,0,0,0,0,0,0,0,0,0,0,0,0,0,0,0,0,0,0,0,0,0,0,0,73,-,-,-,-,-,-,-,-
201801231300+0900,-,-,-,68,0,23,0,0,0,0,0,0,0,0,0,0,0,0,0,0,0,0,0,0,0,0,0,0,0,0,0,0,0,0,0,0,0,0,0,0,0,0,0,0,68,-,-,-,-,-,-,-,-
201801231330+0900,-,-,-,93,0,12,0,0,0,47,44,0,0,0,0,0,0,0,0,0,0,0,0,0,0,0,0,0,0,0,0,0,0,0,0,0,0,0,0,0,0,0,0,0,93,-,-,-,-,-,-,-,-
201801231400+0900,-,-,-,112,0,42,0,0,0,7,14,0,0,0,0,0,0,0,0,0,0,0,0,0,0,0,0,0,0,0,0,0,0,0,0,0,0,0,0,0,0,0,0,0,112,-,-,-,-,-,-,-,-
201801231430+0900,-,-,-,77,0,13,0,0,0,9,0,0,0,0,0,0,0,0,0,0,0,0,0,0,0,0,0,0,0,0,0,0,0,0,0,0,0,0,0,0,0,0,0,0,77,-,-,-,-,-,-,-,-
201801231500+0900,-,-,-,86,0,31,0,0,0,10,0,0,0,0,0,0,0,0,0,0,0,0,0,0,0,0,0,0,0,0,0,0,0,0,0,0,0,0,0,0,0,0,0,0,86,-,-,-,-,-,-,-,-
201801231530+0900,-,-,-,77,0,17,0,0,0,9,0,0,0,0,0,0,0,0,0,0,0,0,0,0,0,0,0,0,0,0,0,0,0,0,0,0,0,0,0,0,0,0,0,0,77,-,-,-,-,-,-,-,-
201801231600+0900,-,-,-,79,0,11,0,0,0,10,0,0,0,0,0,0,0,0,0,0,0,0,0,0,0,0,0,0,0,0,0,0,0,0,0,0,0,0,0,0,0,0,0,0,79,-,-,-,-,-,-,-,-
201801231630+0900,-,-,-,100,0,32,0,0,0,10,43,0,0,0,0,0,0,0,0,0,0,0,0,0,0,0,0,0,0,0,0,0,0,0,0,0,0,0,0,0,0,0,0,0,100,-,-,-,-,-,-,-,-
201801231700+0900,-,-,-,192,0,37,0,0,0,192,41,0,93,0,0,0,0,0,0,0,0,0,0,0,0,0,0,0,0,0,0,0,0,0,0,0,0,0,0,0,0,0,0,0,192,-,-,-,-,-,-,-,-
201801231730+0900,-,-,-,192,0,72,0,0,0,141,31,0,103,12,0,0,0,0,0,0,0,0,0,0,0,0,0,0,0,0,0,0,0,0,0,0,0,0,0,0,0,0,0,0,192,-,-,-,-,-,-,-,-
201801231800+0900,-,-,-,205,0,44,0,1,0,54,33,0,246,2,0,0,0,0,0,0,0,0,0,0,0,0,0,0,0,0,0,0,0,0,0,0,0,0,0,0,0,0,0,0,205,-,-,-,-,-,-,-,-
201801231830+0900,-,-,-,361,0,16,0,3,0,26,107,0,226,0,0,0,0,0,0,0,0,0,0,0,0,0,0,0,0,0,0,0,0,0,0,0,0,0,0,0,0,0,0,0,361,-,-,-,-,-,-,-,-
201801231900+0900,-,-,-,564,0,126,0,2,136,21,30,0,258,0,0,0,0,0,0,0,0,0,0,0,0,0,0,0,0,0,0,0,0,0,0,0,0,0,0,0,0,0,0,0,564,-,-,-,-,-,-,-,-
201801231930+0900,-,-,-,702,0,225,0,0,286,3,12,0,166,0,0,0,0,0,0,0,0,0,0,0,0,0,0,0,0,0,0,0,0,0,0,0,0,0,0,0,0,0,0,0,702,-,-,-,-,-,-,-,-
201801232000+0900,-,-,-,653,0,193,0,5,265,0,0,0,188,0,0,0,0,0,0,0,0,0,0,0,0,0,0,0,0,0,0,0,0,0,0,0,0,0,0,0,0,0,0,0,653,-,-,-,-,-,-,-,-
201801232030+0900,-,-,-,622,0,57,0,0,260,0,0,0,234,0,0,0,0,0,0,0,0,0,0,0,0,0,0,0,0,0,0,0,0,0,0,0,0,0,0,0,0,0,0,0,622,-,-,-,-,-,-,-,-
201801232100+0900,-,-,-,348,0,81,0,0,49,0,0,0,205,0,0,0,0,0,0,0,0,0,0,0,0,0,0,0,0,0,0,0,0,0,0,0,0,0,0,0,0,0,0,0,348,-,-,-,-,-,-,-,-
201801232130+0900,-,-,-,223,0,113,0,0,0,0,0,0,73,0,0,0,0,0,0,0,0,0,0,0,0,0,0,0,0,0,0,0,0,0,0,0,0,0,0,0,0,0,0,0,223,-,-,-,-,-,-,-,-
201801232200+0900,-,-,-,366,0,60,0,9,0,0,1,0,21,0,0,0,0,0,0,0,0,0,0,0,0,0,0,0,0,0,0,0,0,0,0,0,0,0,0,0,0,0,0,0,366,-,-,-,-,-,-,-,-
201801232230+0900,-,-,-,179,0,45,0,0,0,0,0,0,18,0,0,0,0,0,0,0,0,0,0,0,0,0,0,0,0,0,0,0,0,0,0,0,0,0,0,0,0,0,0,0,179,-,-,-,-,-,-,-,-
201801232300+0900,-,-,-,206,0,129,0,0,0,0,0,0,3,0,0,0,0,0,0,0,0,0,0,0,0,0,0,0,0,0,0,0,0,0,0,0,0,0,0,0,0,0,0,0,206,-,-,-,-,-,-,-,-
201801232330+0900,-,-,-,110,0,43,0,0,0,0,0,0,0,0,0,0,0,0,0,0,0,0,0,0,0,0,0,0,0,0,0,0,0,0,0,0,0,0,0,0,0,0,0,0,110,-,-,-,-,-,-,-,-
201801240000+0900,-,-,-,124,0,50,0,0,0,0,0,0,10,0,0,0,0,0,0,0,0,0,0,0,0,0,0,0,0,0,0,0,0,0,0,0,0,0,0,0,0,0,0,0,124,-,-,-,-,-,-,-,-
201801240030+0900,-,-,-,83,0,4,0,0,0,0,0,0,9,0,0,0,0,0,0,0,0,0,0,0,0,0,0,0,0,0,0,0,0,0,0,0,0,0,0,0,0,0,0,0,83,-,-,-,-,-,-,-,-
201801240100+0900,-,-,-,74,0,30,0,0,0,0,0,0,0,0,0,0,0,0,0,0,0,0,0,0,0,0,0,0,0,0,0,0,0,0,0,0,0,0,0,0,0,0,0,0,74,-,-,-,-,-,-,-,-
201801240130+0900,-,-,-,98,0,81,0,0,0,0,0,0,0,0,0,0,0,0,0,0,0,0,0,0,0,0,0,0,0,0,0,0,0,0,0,0,0,0,0,0,0,0,0,0,98,-,-,-,-,-,-,-,-
201801240200+0900,-,-,-,82,0,48,0,0,0,0,0,0,0,0,0,0,0,0,0,0,0,0,0,0,0,0,0,0,0,0,0,0,0,0,0,0,0,0,0,0,0,0,0,0,82,-,-,-,-,-,-,-,-
201801240230+0900,-,-,-,87,0,64,0,0,0,0,0,0,0,4,0,0,0,0,0,0,0,0,0,0,0,0,0,0,0,0,0,0,0,0,0,0,0,0,0,0,0,0,0,0,87,-,-,-,-,-,-,-,-
201801240300+0900,-,-,-,90,0,62,0,0,0,0,0,0,0,0,0,0,0,0,0,0,0,0,0,0,0,0,0,0,0,0,0,0,0,0,0,0,0,0,0,0,0,0,0,0,90,-,-,-,-,-,-,-,-
201801240330+0900,-,-,-,73,0,0,0,0,0,0,0,0,0,0,0,0,0,0,0,0,0,0,0,0,0,0,0,0,0,0,0,0,0,0,0,0,0,0,0,0,0,0,0,0,73,-,-,-,-,-,-,-,-
201801240400+0900,-,-,-,86,0,46,0,0,0,0,0,0,0,0,0,0,0,0,0,0,0,0,0,0,0,0,0,0,0,0,0,0,0,0,0,0,0,0,0,0,0,0,0,0,86,-,-,-,-,-,-,-,-
201801240430+0900,-,-,-,106,0,109,0,0,0,0,0,0,0,0,0,0,0,0,0,0,0,0,0,0,0,0,0,0,0,0,0,0,0,0,0,0,0,0,0,0,0,0,0,0,106,-,-,-,-,-,-,-,-
201801240500+0900,-,-,-,123,0,63,0,0,0,0,104,0,5,0,0,0,0,0,0,0,0,0,0,0,0,0,0,0,0,0,0,0,0,0,0,0,0,0,0,0,0,0,0,0,123,-,-,-,-,-,-,-,-
201801240530+0900,-,-,-,158,0,82,0,0,0,36,130,0,20,0,0,0,0,0,0,0,0,0,0,0,0,0,0,0,0,0,0,0,0,0,0,0,0,0,0,0,0,0,0,0,158,-,-,-,-,-,-,-,-
201801240600+0900,-,-,-,219,0,108,0,5,0,201,43,0,22,2,0,0,0,0,0,0,0,0,0,0,0,0,0,0,0,0,0,0,0,0,0,0,0,0,0,0,0,0,0,0,219,-,-,-,-,-,-,-,-
201801240630+0900,-,-,-,339,0,257,0,7,0,88,417,0,0,5,0,0,0,0,0,0,0,0,0,0,0,0,0,0,0,0,0,0,0,0,0,0,0,0,0,0,0,0,0,0,339,-,-,-,-,-,-,-,-
201801240700+0900,-,-,-,212,0,325,0,0,0,6,31,0,0,0,0,0,0,0,0,0,0,0,0,0,0,0,0,0,0,0,0,0,0,0,0,0,0,0,0,0,0,0,0,0,212,-,-,-,-,-,-,-,-
201801240730+0900,-,-,-,235,0,369,0,6,0,8,31,0,0,0,0,0,0,0,0,0,0,0,0,0,0,0,0,0,0,0,0,0,0,0,0,0,0,0,0,0,0,0,0,0,235,-,-,-,-,-,-,-,-
201801240800+0900,-,-,-,134,0,158,0,0,0,0,31,0,0,0,0,0,0,0,0,0,0,0,0,0,0,0,0,0,0,0,0,0,0,0,0,0,0,0,0,0,0,0,0,0,134,-,-,-,-,-,-,-,-
201801240830+0900,-,-,-,94,0,52,0,0,0,0,6,0,0,0,0,0,0,0,0,0,0,0,0,0,0,0,0,0,0,0,0,0,0,0,0,0,0,0,0,0,0,0,0,0,94,-,-,-,-,-,-,-,-
201801240900+0900,-,-,-,77,0,21,0,0,0,0,0,0,0,0,0,0,0,0,0,0,0,0,0,0,0,0,0,0,0,0,0,0,0,0,0,0,0,0,0,0,0,0,0,0,77,-,-,-,-,-,-,-,-
201801240930+0900,-,-,-,72,0,0,0,0,0,0,0,0,0,0,0,0,0,0,0,0,0,0,0,0,0,0,0,0,0,0,0,0,0,0,0,0,0,0,0,0,0,0,0,0,72,-,-,-,-,-,-,-,-
201801241000+0900,-,-,-,74,0,15,0,0,0,0,0,0,0,0,0,0,0,0,0,0,0,0,0,0,0,0,0,0,0,0,0,0,0,0,0,0,0,0,0,0,0,0,0,0,74,-,-,-,-,-,-,-,-
201801241030+0900,-,-,-,85,0,42,0,0,0,0,0,0,0,0,0,0,0,0,0,0,0,0,0,0,0,0,0,0,0,0,0,0,0,0,0,0,0,0,0,0,0,0,0,0,85,-,-,-,-,-,-,-,-
201801241100+0900,-,-,-,72,0,46,0,0,0,0,0,0,0,0,0,0,0,0,0,0,0,0,0,0,0,0,0,0,0,0,0,0,0,0,0,0,0,0,0,0,0,0,0,0,72,-,-,-,-,-,-,-,-
201801241130+0900,-,-,-,74,0,57,0,0,0,0,0,0,0,0,0,0,0,0,0,0,0,0,0,0,0,0,0,0,0,0,0,0,0,0,0,0,0,0,0,0,0,0,0,0,74,-,-,-,-,-,-,-,-
201801241200+0900,-,-,-,76,0,64,0,0,0,0,0,0,0,0,0,0,0,0,0,0,0,0,0,0,0,0,0,0,0,0,0,0,0,0,0,0,0,0,0,0,0,0,0,0,76,-,-,-,-,-,-,-,-
201801241230+0900,-,-,-,89,0,89,0,0,0,0,0,0,0,0,0,0,0,0,0,0,0,0,0,0,0,0,0,0,0,0,0,0,0,0,0,0,0,0,0,0,0,0,0,0,89,-,-,-,-,-,-,-,-
201801241300+0900,-,-,-,64,0,21,0,0,0,0,0,0,0,0,0,0,0,0,0,0,0,0,0,0,0,0,0,0,0,0,0,0,0,0,0,0,0,0,0,0,0,0,0,0,64,-,-,-,-,-,-,-,-
201801241330+0900,-,-,-,75,0,53,0,0,0,0,11,0,0,0,0,0,0,0,0,0,0,0,0,0,0,0,0,0,0,0,0,0,0,0,0,0,0,0,0,0,0,0,0,0,75,-,-,-,-,-,-,-,-
201801241400+0900,-,-,-,118,0,47,0,0,0,0,51,0,0,0,0,0,0,0,0,0,0,0,0,0,0,0,0,0,0,0,0,0,0,0,0,0,0,0,0,0,0,0,0,0,118,-,-,-,-,-,-,-,-
201801241430+0900,-,-,-,99,0,78,0,0,0,0,0,0,0,0,0,0,0,0,0,0,0,0,0,0,0,0,0,0,0,0,0,0,0,0,0,0,0,0,0,0,0,0,0,0,99,-,-,-,-,-,-,-,-
201801241500+0900,-,-,-,78,0,33,0,0,0,0,0,0,0,0,0,0,0,0,0,0,0,0,0,0,0,0,0,0,0,0,0,0,0,0,0,0,0,0,0,0,0,0,0,0,78,-,-,-,-,-,-,-,-
201801241530+0900,-,-,-,74,0,16,0,0,0,0,1,0,0,0,0,0,0,0,0,0,0,0,0,0,0,0,0,0,0,0,0,0,0,0,0,0,0,0,0,0,0,0,0,0,74,-,-,-,-,-,-,-,-
201801241600+0900,-,-,-,164,0,97,0,0,0,66,64,0,0,0,0,0,0,0,0,0,0,0,0,0,0,0,0,0,0,0,0,0,0,0,0,0,0,0,0,0,0,0,0,0,164,-,-,-,-,-,-,-,-
201801241630+0900,-,-,-,101,0,60,0,0,0,6,31,0,0,0,0,0,0,0,0,0,0,0,0,0,0,0,0,0,0,0,0,0,0,0,0,0,0,0,0,0,0,0,0,0,101,-,-,-,-,-,-,-,-
201801241700+0900,-,-,-,115,0,93,0,0,0,11,31,0,0,0,0,0,0,0,0,0,0,0,0,0,0,0,0,0,0,0,0,0,0,0,0,0,0,0,0,0,0,0,0,0,115,-,-,-,-,-,-,-,-
201801241730+0900,-,-,-,169,0,105,0,4,0,166,31,0,0,0,0,0,0,0,0,0,0,0,0,0,0,0,0,0,0,0,0,0,0,0,0,0,0,0,0,0,0,0,0,0,169,-,-,-,-,-,-,-,-
201801241800+0900,-,-,-,128,0,86,0,0,0,50,34,0,0,0,0,0,0,0,0,0,0,0,0,0,0,0,0,0,0,0,0,0,0,0,0,0,0,0,0,0,0,0,0,0,128,-,-,-,-,-,-,-,-
201801241830+0900,-,-,-,201,0,70,0,0,0,42,31,0,0,0,0,0,0,0,0,0,0,0,0,0,0,0,0,0,0,0,0,0,0,0,0,0,0,0,0,0,0,0,0,0,201,-,-,-,-,-,-,-,-
201801241900+0900,-,-,-,315,0,64,0,0,0,9,54,0,0,0,0,0,0,0,0,0,0,0,0,0,0,0,0,0,0,0,0,0,0,0,0,0,0,0,0,0,0,0,0,0,315,-,-,-,-,-,-,-,-
201801241930+0900,-,-,-,343,0,73,0,7,0,20,69,0,1,0,0,0,0,0,0,0,0,0,0,0,0,0,0,0,0,0,0,0,0,0,0,0,0,0,0,0,0,0,0,0,343,-,-,-,-,-,-,-,-
201801242000+0900,-,-,-,296,0,230,0,0,0,0,12,0,0,0,0,0,0,0,0,0,0,0,0,0,0,0,0,0,0,0,0,0,0,0,0,0,0,0,0,0,0,0,0,0,296,-,-,-,-,-,-,-,-
201801242030+0900,-,-,-,442,0,181,0,3,134,0,0,0,0,0,0,0,0,0,0,0,0,0,0,0,0,0,0,0,0,0,0,0,0,0,0,0,0,0,0,0,0,0,0,0,442,-,-,-,-,-,-,-,-
201801242100+0900,-,-,-,646,0,124,0,0,290,0,0,0,0,0,0,0,0,0,0,0,0,0,0,0,0,0,0,0,0,0,0,0,0,0,0,0,0,0,0,0,0,0,0,0,646,-,-,-,-,-,-,-,-
201801242130+0900,-,-,-,596,0,48,0,0,263,0,0,0,0,0,0,0,0,0,0,0,0,0,0,0,0,0,0,0,0,0,0,0,0,0,0,0,0,0,0,0,0,0,0,0,596,-,-,-,-,-,-,-,-
201801242200+0900,-,-,-,721,0,118,0,0,264,0,0,0,0,0,0,0,0,0,0,0,0,0,0,0,0,0,0,0,0,0,0,0,0,0,0,0,0,0,0,0,0,0,0,0,721,-,-,-,-,-,-,-,-
201801242230+0900,-,-,-,880,0,156,0,0,269,0,0,0,498,0,0,0,0,0,0,0,0,0,0,0,0,0,0,0,0,0,0,0,0,0,0,0,0,0,0,0,0,0,0,0,880,-,-,-,-,-,-,-,-
201801242300+0900,-,-,-,291,0,70,0,4,30,0,0,0,147,0,0,0,0,0,0,0,0,0,0,0,0,0,0,0,0,0,0,0,0,0,0,0,0,0,0,0,0,0,0,0,291,-,-,-,-,-,-,-,-
201801242330+0900,-,-,-,131,0,57,0,0,0,0,0,0,19,0,0,0,0,0,0,0,0,0,0,0,0,0,0,0,0,0,0,0,0,0,0,0,0,0,0,0,0,0,0,0,131,-,-,-,-,-,-,-,-
201801250000+0900,-,-,-,143,0,88,0,0,0,0,0,0,23,0,0,0,0,0,0,0,0,0,0,0,0,0,0,0,0,0,0,0,0,0,0,0,0,0,0,0,0,0,0,0,143,-,-,-,-,-,-,-,-
201801250030+0900,-,-,-,96,0,61,0,0,0,0,0,0,9,0,0,0,0,0,0,0,0,0,0,0,0,0,0,0,0,0,0,0,0,0,0,0,0,0,0,0,0,0,0,0,96,-,-,-,-,-,-,-,-
201801250100+0900,-,-,-,87,0,67,0,0,0,0,0,0,0,0,0,0,0,0,0,0,0,0,0,0,0,0,0,0,0,0,0,0,0,0,0,0,0,0,0,0,0,0,0,0,87,-,-,-,-,-,-,-,-
201801250130+0900,-,-,-,88,0,60,0,0,0,0,0,0,0,0,0,0,0,0,0,0,0,0,0,0,0,0,0,0,0,0,0,0,0,0,0,0,0,0,0,0,0,0,0,0,88,-,-,-,-,-,-,-,-
201801250200+0900,-,-,-,96,0,80,0,0,0,0,0,0,0,0,0,0,0,0,0,0,0,0,0,0,0,0,0,0,0,0,0,0,0,0,0,0,0,0,0,0,0,0,0,0,96,-,-,-,-,-,-,-,-
201801250230+0900,-,-,-,87,0,60,0,0,0,0,0,0,0,0,0,0,0,0,0,0,0,0,0,0,0,0,0,0,0,0,0,0,0,0,0,0,0,0,0,0,0,0,0,0,87,-,-,-,-,-,-,-,-
201801250300+0900,-,-,-,89,0,63,0,0,0,0,0,0,0,0,0,0,0,0,0,0,0,0,0,0,0,0,0,0,0,0,0,0,0,0,0,0,0,0,0,0,0,0,0,0,89,-,-,-,-,-,-,-,-
201801250330+0900,-,-,-,91,0,69,0,0,0,0,0,0,0,0,0,0,0,0,0,0,0,0,0,0,0,0,0,0,0,0,0,0,0,0,0,0,0,0,0,0,0,0,0,0,91,-,-,-,-,-,-,-,-
201801250400+0900,-,-,-,95,0,73,0,0,0,0,0,0,0,0,0,0,0,0,0,0,0,0,0,0,0,0,0,0,0,0,0,0,0,0,0,0,0,0,0,0,0,0,0,0,95,-,-,-,-,-,-,-,-
201801250430+0900,-,-,-,92,0,58,0,0,0,0,0,0,0,0,0,0,0,0,0,0,0,0,0,0,0,0,0,0,0,0,0,0,0,0,0,0,0,0,0,0,0,0,0,0,92,-,-,-,-,-,-,-,-
201801250500+0900,-,-,-,96,0,86,0,0,0,0,0,0,5,0,0,0,0,0,0,0,0,0,0,0,0,0,0,0,0,0,0,0,0,0,0,0,0,0,0,0,0,0,0,0,96,-,-,-,-,-,-,-,-
201801250530+0900,-,-,-,164,0,162,0,0,0,31,37,0,20,0,0,0,0,0,0,0,0,0,0,0,0,0,0,0,0,0,0,0,0,0,0,0,0,0,0,0,0,0,0,0,164,-,-,-,-,-,-,-,-
201801250600+0900,-,-,-,234,0,155,0,5,0,189,51,0,20,0,0,0,0,0,0,0,0,0,0,0,0,0,0,0,0,0,0,0,0,0,0,0,0,0,0,0,0,0,0,0,234,-,-,-,-,-,-,-,-
201801250630+0900,-,-,-,294,0,265,0,4,0,107,256,0,0,5,0,0,0,0,0,0,0,0,0,0,0,0,0,0,0,0,0,0,0,0,0,0,0,0,0,0,0,0,0,0,294,-,-,-,-,-,-,-,-
201801250700+0900,-,-,-,221,0,305,0,0,0,0,31,0,0,0,0,0,0,0,0,0,0,0,0,0,0,0,0,0,0,0,0,0,0,0,0,0,0,0,0,0,0,0,0,0,221,-,-,-,-,-,-,-,-
201801250730+0900,-,-,-,220,0,411,0,3,0,0,31,0,0,0,0,0,0,0,0,0,0,0,0,0,0,0,0,0,0,0,0,0,0,0,0,0,0,0,0,0,0,0,0,0,220,-,-,-,-,-,-,-,-
201801250800+0900,-,-,-,112,0,77,0,0,0,0,31,0,0,0,0,0,0,0,0,0,0,0,0,0,0,0,0,0,0,0,0,0,0,0,0,0,0,0,0,0,0,0,0,0,112,-,-,-,-,-,-,-,-
201801250830+0900,-,-,-,91,0,62,0,0,0,0,6,0,0,0,0,0,0,0,0,0,0,0,0,0,0,0,0,0,0,0,0,0,0,0,0,0,0,0,0,0,0,0,0,0,91,-,-,-,-,-,-,-,-
201801250900+0900,-,-,-,99,0,79,0,0,0,0,0,0,0,0,0,0,0,0,0,0,0,0,0,0,0,0,0,0,0,0,0,0,0,0,0,0,0,0,0,0,0,0,0,0,99,-,-,-,-,-,-,-,-
201801250930+0900,-,-,-,87,0,56,0,0,0,0,0,0,0,0,0,0,0,0,0,0,0,0,0,0,0,0,0,0,0,0,0,0,0,0,0,0,0,0,0,0,0,0,0,0,87,-,-,-,-,-,-,-,-
201801251000+0900,-,-,-,82,0,39,0,0,0,0,0,0,0,0,0,0,0,0,0,0,0,0,0,0,0,0,0,0,0,0,0,0,0,0,0,0,0,0,0,0,0,0,0,0,82,-,-,-,-,-,-,-,-
201801251030+0900,-,-,-,71,0,10,0,0,0,0,0,0,0,0,0,0,0,0,0,0,0,0,0,0,0,0,0,0,0,0,0,0,0,0,0,0,0,0,0,0,0,0,0,0,71,-,-,-,-,-,-,-,-
201801251100+0900,-,-,-,67,0,12,0,0,0,0,0,0,0,0,0,0,0,0,0,0,0,0,0,0,0,0,0,0,0,0,0,0,0,0,0,0,0,0,0,0,0,0,0,0,67,-,-,-,-,-,-,-,-
201801251130+0900,-,-,-,78,0,48,0,0,0,0,0,0,0,0,0,0,0,0,0,0,0,0,0,0,0,0,0,0,0,0,0,0,0,0,0,0,0,0,0,0,0,0,0,0,78,-,-,-,-,-,-,-,-
201801251200+0900,-,-,-,63,0,15,0,0,0,0,0,0,0,0,0,0,0,0,0,0,0,0,0,0,0,0,0,0,0,0,0,0,0,0,0,0,0,0,0,0,0,0,0,0,63,-,-,-,-,-,-,-,-
201801251230+0900,-,-,-,61,0,11,0,0,0,0,0,0,0,0,0,0,0,0,0,0,0,0,0,0,0,0,0,0,0,0,0,0,0,0,0,0,0,0,0,0,0,0,0,0,61,-,-,-,-,-,-,-,-
201801251300+0900,-,-,-,62,0,11,0,0,0,0,0,0,0,0,0,0,0,0,0,0,0,0,0,0,0,0,0,0,0,0,0,0,0,0,0,0,0,0,0,0,0,0,0,0,62,-,-,-,-,-,-,-,-
201801251330+0900,-,-,-,82,0,41,0,0,0,0,20,0,0,3,0,0,0,0,0,0,0,0,0,0,0,0,0,0,0,0,0,0,0,0,0,0,0,0,0,0,0,0,0,0,82,-,-,-,-,-,-,-,-
201801251400+0900,-,-,-,156,0,13,0,0,0,146,47,0,0,5,0,0,0,0,0,0,0,0,0,0,0,0,0,0,0,0,0,0,0,0,0,0,0,0,0,0,0,0,0,0,156,-,-,-,-,-,-,-,-
201801251430+0900,-,-,-,89,0,18,0,0,0,1,30,0,0,0,0,0,0,0,0,0,0,0,0,0,0,0,0,0,0,0,0,0,0,0,0,0,0,0,0,0,0,0,0,0,89,-,-,-,-,-,-,-,-
201801251500+0900,-,-,-,97,0,30,0,0,0,8,31,0,0,0,0,0,0,0,0,0,0,0,0,0,0,0,0,0,0,0,0,0,0,0,0,0,0,0,0,0,0,0,0,0,97,-,-,-,-,-,-,-,-
201801251530+0900,-,-,-,91,0,22,0,0,0,9,30,0,0,0,0,0,0,0,0,0,0,0,0,0,0,0,0,0,0,0,0,0,0,0,0,0,0,0,0,0,0,0,0,0,91,-,-,-,-,-,-,-,-
201801251600+0900,-,-,-,103,0,56,0,0,0,9,30,0,0,0,0,0,0,0,0,0,0,0,0,0,0,0,0,0,0,0,0,0,0,0,0,0,0,0,0,0,0,0,0,0,103,-,-,-,-,-,-,-,-
201801251630+0900,-,-,-,92,0,19,0,0,0,10,30,0,0,0,0,0,0,0,0,0,0,0,0,0,0,0,0,0,0,0,0,0,0,0,0,0,0,0,0,0,0,0,0,0,92,-,-,-,-,-,-,-,-
201801251700+0900,-,-,-,103,0,62,0,0,0,9,36,0,0,0,0,0,0,0,0,0,0,0,0,0,0,0,0,0,0,0,0,0,0,0,0,0,0,0,0,0,0,0,0,0,103,-,-,-,-,-,-,-,-
201801251730+0900,-,-,-,145,0,104,0,3,0,53,31,0,0,0,0,0,0,0,0,0,0,0,0,0,0,0,0,0,0,0,0,0,0,0,0,0,0,0,0,0,0,0,0,0,145,-,-,-,-,-,-,-,-
201801251800+0900,-,-,-,129,0,114,0,0,0,33,32,0,0,0,0,0,0,0,0,0,0,0,0,0,0,0,0,0,0,0,0,0,0,0,0,0,0,0,0,0,0,0,0,0,129,-,-,-,-,-,-,-,-
201801251830+0900,-,-,-,116,0,24,0,0,0,25,86,0,0,0,0,0,0,0,0,0,0,0,0,0,0,0,0,0,0,0,0,0,0,0,0,0,0,0,0,0,0,0,0,0,116,-,-,-,-,-,-,-,-
201801251900+0900,-,-,-,254,0,48,0,2,0,23,31,0,0,0,0,0,0,0,0,0,0,0,0,0,0,0,0,0,0,0,0,0,0,0,0,0,0,0,0,0,0,0,0,0,254,-,-,-,-,-,-,-,-
201801251930+0900,-,-,-,384,0,203,0,0,0,6,107,0,96,0,0,0,0,0,0,0,0,0,0,0,0,0,0,0,0,0,0,0,0,0,0,0,0,0,0,0,0,0,0,0,384,-,-,-,-,-,-,-,-
201801252000+0900,-,-,-,659,0,191,0,0,214,0,0,0,297,0,0,0,0,0,0,0,0,0,0,0,0,0,0,0,0,0,0,0,0,0,0,0,0,0,0,0,0,0,0,0,659,-,-,-,-,-,-,-,-
201801252030+0900,-,-,-,666,0,115,0,0,273,0,0,0,195,0,0,0,0,0,0,0,0,0,0,0,0,0,0,0,0,0,0,0,0,0,0,0,0,0,0,0,0,0,0,0,666,-,-,-,-,-,-,-,-
201801252100+0900,-,-,-,675,0,74,0,2,265,0,35,0,262,0,0,0,0,0,0,0,0,0,0,0,0,0,0,0,0,0,0,0,0,0,0,0,0,0,0,0,0,0,0,0,675,-,-,-,-,-,-,-,-
201801252130+0900,-,-,-,481,0,66,0,0,123,0,0,0,270,0,0,0,0,0,0,0,0,0,0,0,0,0,0,0,0,0,0,0,0,0,0,0,0,0,0,0,0,0,0,0,481,-,-,-,-,-,-,-,-
201801252200+0900,-,-,-,250,0,79,0,1,0,0,0,0,99,0,0,0,0,0,0,0,0,0,0,0,0,0,0,0,0,0,0,0,0,0,0,0,0,0,0,0,0,0,0,0,250,-,-,-,-,-,-,-,-
201801252230+0900,-,-,-,353,0,70,0,5,0,0,1,0,23,0,0,0,0,0,0,0,0,0,0,0,0,0,0,0,0,0,0,0,0,0,0,0,0,0,0,0,0,0,0,0,353,-,-,-,-,-,-,-,-
201801252300+0900,-,-,-,190,0,72,0,0,0,0,0,0,20,0,0,0,0,0,0,0,0,0,0,0,0,0,0,0,0,0,0,0,0,0,0,0,0,0,0,0,0,0,0,0,190,-,-,-,-,-,-,-,-
201801252330+0900,-,-,-,192,0,54,0,0,0,0,0,0,6,0,0,0,0,0,0,0,0,0,0,0,0,0,0,0,0,0,0,0,0,0,0,0,0,0,0,0,0,0,0,0,192,-,-,-,-,-,-,-,-
201801260000+0900,-,-,-,130,0,77,0,0,0,0,0,0,10,0,0,0,0,0,0,0,0,0,0,0,0,0,0,0,0,0,0,0,0,0,0,0,0,0,0,0,0,0,0,0,130,-,-,-,-,-,-,-,-
201801260030+0900,-,-,-,124,0,54,0,0,0,0,0,0,6,0,0,0,0,0,0,0,0,0,0,0,0,0,0,0,0,0,0,0,0,0,0,0,0,0,0,0,0,0,0,0,124,-,-,-,-,-,-,-,-
201801260100+0900,-,-,-,98,0,66,0,0,0,0,0,0,0,0,0,0,0,0,0,0,0,0,0,0,0,0,0,0,0,0,0,0,0,0,0,0,0,0,0,0,0,0,0,0,98,-,-,-,-,-,-,-,-
201801260130+0900,-,-,-,98,0,78,0,0,0,0,0,0,0,0,0,0,0,0,0,0,0,0,0,0,0,0,0,0,0,0,0,0,0,0,0,0,0,0,0,0,0,0,0,0,98,-,-,-,-,-,-,-,-
201801260200+0900,-,-,-,83,0,56,0,0,0,0,0,0,0,0,0,0,0,0,0,0,0,0,0,0,0,0,0,0,0,0,0,0,0,0,0,0,0,0,0,0,0,0,0,0,83,-,-,-,-,-,-,-,-
201801260230+0900,-,-,-,86,0,55,0,0,0,0,0,0,0,0,0,0,0,0,0,0,0,0,0,0,0,0,0,0,0,0,0,0,0,0,0,0,0,0,0,0,0,0,0,0,86,-,-,-,-,-,-,-,-
201801260300+0900,-,-,-,94,0,77,0,0,0,0,0,0,0,0,0,0,0,0,0,0,0,0,0,0,0,0,0,0,0,0,0,0,0,0,0,0,0,0,0,0,0,0,0,0,94,-,-,-,-,-,-,-,-
201801260330+0900,-,-,-,85,0,55,0,0,0,0,0,0,0,0,0,0,0,0,0,0,0,0,0,0,0,0,0,0,0,0,0,0,0,0,0,0,0,0,0,0,0,0,0,0,85,-,-,-,-,-,-,-,-
201801260400+0900,-,-,-,84,0,54,0,0,0,0,0,0,0,0,0,0,0,0,0,0,0,0,0,0,0,0,0,0,0,0,0,0,0,0,0,0,0,0,0,0,0,0,0,0,84,-,-,-,-,-,-,-,-
201801260430+0900,-,-,-,100,0,83,0,1,0,0,0,0,0,4,0,0,0,0,0,0,0,0,0,0,0,0,0,0,0,0,0,0,0,0,0,0,0,0,0,0,0,0,0,0,100,-,-,-,-,-,-,-,-
201801260500+0900,-,-,-,148,0,128,0,0,0,0,99,0,5,0,0,0,0,0,0,0,0,0,0,0,0,0,0,0,0,0,0,0,0,0,0,0,0,0,0,0,0,0,0,0,148,-,-,-,-,-,-,-,-
201801260530+0900,-,-,-,146,0,64,0,0,0,33,129,0,21,0,0,0,0,0,0,0,0,0,0,0,0,0,0,0,0,0,0,0,0,0,0,0,0,0,0,0,0,0,0,0,146,-,-,-,-,-,-,-,-
201801260600+0900,-,-,-,213,0,73,0,3,0,197,51,0,20,0,0,0,0,0,0,0,0,0,0,0,0,0,0,0,0,0,0,0,0,0,0,0,0,0,0,0,0,0,0,0,213,-,-,-,-,-,-,-,-
201801260630+0900,-,-,-,163,0,79,0,5,0,86,42,0,1,3,0,0,0,0,0,0,0,0,0,0,0,0,0,0,0,0,0,0,0,0,0,0,0,0,0,0,0,0,0,0,163,-,-,-,-,-,-,-,-
201801260700+0900,-,-,-,125,0,60,0,0,0,1,37,0,0,0,0,0,0,0,0,0,0,0,0,0,0,0,0,0,0,0,0,0,0,0,0,0,0,0,0,0,0,0,0,0,125,-,-,-,-,-,-,-,-
201801260730+0900,-,-,-,151,0,156,0,3,0,8,31,0,0,0,0,0,0,0,0,0,0,0,0,0,0,0,0,0,0,0,0,0,0,0,0,0,0,0,0,0,0,0,0,0,151,-,-,-,-,-,-,-,-
201801260800+0900,-,-,-,123,0,107,0,0,0,9,32,0,0,0,0,0,0,0,0,0,0,0,0,0,0,0,0,0,0,0,0,0,0,0,0,0,0,0,0,0,0,0,0,0,123,-,-,-,-,-,-,-,-
201801260830+0900,-,-,-,94,0,60,0,0,0,0,5,0,0,0,0,0,0,0,0,0,0,0,0,0,0,0,0,0,0,0,0,0,0,0,0,0,0,0,0,0,0,0,0,0,94,-,-,-,-,-,-,-,-
201801260900+0900,-,-,-,77,0,19,0,0,0,0,0,0,0,0,0,0,0,0,0,0,0,0,0,0,0,0,0,0,0,0,0,0,0,0,0,0,0,0,0,0,0,0,0,0,77,-,-,-,-,-,-,-,-
201801260930+0900,-,-,-,72,0,8,0,0,0,0,0,0,0,0,0,0,0,0,0,0,0,0,0,0,0,0,0,0,0,0,0,0,0,0,0,0,0,0,0,0,0,0,0,0,72,-,-,-,-,-,-,-,-
201801261000+0900,-,-,-,86,0,38,0,0,0,0,0,0,0,0,0,0,0,0,0,0,0,0,0,0,0,0,0,0,0,0,0,0,0,0,0,0,0,0,0,0,0,0,0,0,86,-,-,-,-,-,-,-,-
201801261030+0900,-,-,-,75,0,19,0,0,0,0,0,0,0,0,0,0,0,0,0,0,0,0,0,0,0,0,0,0,0,0,0,0,0,0,0,0,0,0,0,0,0,0,0,0,75,-,-,-,-,-,-,-,-
201801261100+0900,-,-,-,63,0,11,0,0,0,0,0,0,0,0,0,0,0,0,0,0,0,0,0,0,0,0,0,0,0,0,0,0,0,0,0,0,0,0,0,0,0,0,0,0,63,-,-,-,-,-,-,-,-
201801261130+0900,-,-,-,68,0,33,0,0,0,0,0,0,0,0,0,0,0,0,0,0,0,0,0,0,0,0,0,0,0,0,0,0,0,0,0,0,0,0,0,0,0,0,0,0,68,-,-,-,-,-,-,-,-
201801261200+0900,-,-,-,75,0,57,0,0,0,0,0,0,0,0,0,0,0,0,0,0,0,0,0,0,0,0,0,0,0,0,0,0,0,0,0,0,0,0,0,0,0,0,0,0,75,-,-,-,-,-,-,-,-
201801261230+0900,-,-,-,78,0,54,0,0,0,0,0,0,0,0,0,0,0,0,0,0,0,0,0,0,0,0,0,0,0,0,0,0,0,0,0,0,0,0,0,0,0,0,0,0,78,-,-,-,-,-,-,-,-
201801261300+0900,-,-,-,64,0,16,0,0,0,0,0,0,0,0,0,0,0,0,0,0,0,0,0,0,0,0,0,0,0,0,0,0,0,0,0,0,0,0,0,0,0,0,0,0,64,-,-,-,-,-,-,-,-
201801261330+0900,-,-,-,103,0,11,0,0,0,57,45,0,0,0,0,0,0,0,0,0,0,0,0,0,0,0,0,0,0,0,0,0,0,0,0,0,0,0,0,0,0,0,0,0,103,-,-,-,-,-,-,-,-
201801261400+0900,-,-,-,119,0,35,0,0,0,9,31,0,0,0,0,0,0,0,0,0,0,0,0,0,0,0,0,0,0,0,0,0,0,0,0,0,0,0,0,0,0,0,0,0,119,-,-,-,-,-,-,-,-
201801261430+0900,-,-,-,112,0,78,0,0,0,10,26,0,0,0,0,0,0,0,0,0,0,0,0,0,0,0,0,0,0,0,0,0,0,0,0,0,0,0,0,0,0,0,0,0,112,-,-,-,-,-,-,-,-
201801261500+0900,-,-,-,85,0,12,0,0,0,10,26,0,0,0,0,0,0,0,0,0,0,0,0,0,0,0,0,0,0,0,0,0,0,0,0,0,0,0,0,0,0,0,0,0,85,-,-,-,-,-,-,-,-
201801261530+0900,-,-,-,113,0,73,0,0,0,10,30,0,0,0,0,0,0,0,0,0,0,0,0,0,0,0,0,0,0,0,0,0,0,0,0,0,0,0,0,0,0,0,0,0,113,-,-,-,-,-,-,-,-
201801261600+0900,-,-,-,115,0,65,0,0,0,8,31,0,0,0,0,0,0,0,0,0,0,0,0,0,0,0,0,0,0,0,0,0,0,0,0,0,0,0,0,0,0,0,0,0,115,-,-,-,-,-,-,-,-
201801261630+0900,-,-,-,127,0,66,0,0,0,28,86,0,0,0,0,0,0,0,0,0,0,0,0,0,0,0,0,0,0,0,0,0,0,0,0,0,0,0,0,0,0,0,0,0,127,-,-,-,-,-,-,-,-
201801261700+0900,-,-,-,106,0,45,0,0,0,9,31,0,0,0,0,0,0,0,0,0,0,0,0,0,0,0,0,0,0,0,0,0,0,0,0,0,0,0,0,0,0,0,0,0,106,-,-,-,-,-,-,-,-
201801261730+0900,-,-,-,105,0,45,0,3,0,9,56,0,0,0,0,0,0,0,0,0,0,0,0,0,0,0,0,0,0,0,0,0,0,0,0,0,0,0,0,0,0,0,0,0,105,-,-,-,-,-,-,-,-
201801261800+0900,-,-,-,108,0,86,0,0,0,8,31,0,0,0,0,0,0,0,0,0,0,0,0,0,0,0,0,0,0,0,0,0,0,0,0,0,0,0,0,0,0,0,0,0,108,-,-,-,-,-,-,-,-
201801261830+0900,-,-,-,127,0,103,0,0,0,20,31,0,2,0,0,0,0,0,0,0,0,0,0,0,0,0,0,0,0,0,0,0,0,0,0,0,0,0,0,0,0,0,0,0,127,-,-,-,-,-,-,-,-
201801261900+0900,-,-,-,229,0,61,0,0,0,36,133,0,0,0,0,0,0,0,0,0,0,0,0,0,0,0,0,0,0,0,0,0,0,0,0,0,0,0,0,0,0,0,0,0,229,-,-,-,-,-,-,-,-
201801261930+0900,-,-,-,530,0,94,0,1,73,17,56,0,295,0,0,0,0,0,0,0,0,0,0,0,0,0,0,0,0,0,0,0,0,0,0,0,0,0,0,0,0,0,0,0,530,-,-,-,-,-,-,-,-
201801262000+0900,-,-,-,804,0,170,0,3,299,27,22,0,217,0,0,0,0,0,0,0,0,0,0,0,0,0,0,0,0,0,0,0,0,0,0,0,0,0,0,0,0,0,0,0,804,-,-,-,-,-,-,-,-
201801262030+0900,-,-,-,755,0,262,0,0,272,0,0,0,254,0,0,0,0,0,0,0,0,0,0,0,0,0,0,0,0,0,0,0,0,0,0,0,0,0,0,0,0,0,0,0,755,-,-,-,-,-,-,-,-
201801262100+0900,-,-,-,657,0,76,0,0,233,0,0,0,284,0,0,0,0,0,0,0,0,0,0,0,0,0,0,0,0,0,0,0,0,0,0,0,0,0,0,0,0,0,0,0,657,-,-,-,-,-,-,-,-
201801262130+0900,-,-,-,334,0,114,0,0,0,0,0,0,284,0,0,0,0,0,0,0,0,0,0,0,0,0,0,0,0,0,0,0,0,0,0,0,0,0,0,0,0,0,0,0,334,-,-,-,-,-,-,-,-
201801262200+0900,-,-,-,402,0,106,0,0,0,0,0,0,104,0,0,0,0,0,0,0,0,0,0,0,0,0,0,0,0,0,0,0,0,0,0,0,0,0,0,0,0,0,0,0,402,-,-,-,-,-,-,-,-
201801262230+0900,-,-,-,198,0,64,0,11,0,0,0,0,24,0,0,0,0,0,0,0,0,0,0,0,0,0,0,0,0,0,0,0,0,0,0,0,0,0,0,0,0,0,0,0,198,-,-,-,-,-,-,-,-
201801262300+0900,-,-,-,228,0,77,0,0,0,0,0,0,17,0,0,0,0,0,0,0,0,0,0,0,0,0,0,0,0,0,0,0,0,0,0,0,0,0,0,0,0,0,0,0,228,-,-,-,-,-,-,-,-
201801262330+0900,-,-,-,117,0,54,0,0,0,0,0,0,6,0,0,0,0,0,0,0,0,0,0,0,0,0,0,0,0,0,0,0,0,0,0,0,0,0,0,0,0,0,0,0,117,-,-,-,-,-,-,-,-
201801270000+0900,-,-,-,123,0,56,0,0,0,0,0,0,9,0,0,0,0,0,0,0,0,0,0,0,0,0,0,0,0,0,0,0,0,0,0,0,0,0,0,0,0,0,0,0,123,-,-,-,-,-,-,-,-
201801270030+0900,-,-,-,108,0,57,0,0,0,0,0,0,9,0,0,0,0,0,0,0,0,0,0,0,0,0,0,0,0,0,0,0,0,0,0,0,0,0,0,0,0,0,0,0,108,-,-,-,-,-,-,-,-
201801270100+0900,-,-,-,96,0,78,0,0,0,0,0,0,0,0,0,0,0,0,0,0,0,0,0,0,0,0,0,0,0,0,0,0,0,0,0,0,0,0,0,0,0,0,0,0,96,-,-,-,-,-,-,-,-
201801270130+0900,-,-,-,93,0,67,0,0,0,0,0,0,0,0,0,0,0,0,0,0,0,0,0,0,0,0,0,0,0,0,0,0,0,0,0,0,0,0,0,0,0,0,0,0,93,-,-,-,-,-,-,-,-
201801270200+0900,-,-,-,85,0,58,0,0,0,0,0,0,0,0,0,0,0,0,0,0,0,0,0,0,0,0,0,0,0,0,0,0,0,0,0,0,0,0,0,0,0,0,0,0,85,-,-,-,-,-,-,-,-
201801270230+0900,-,-,-,85,0,56,0,0,0,0,0,0,0,0,0,0,0,0,0,0,0,0,0,0,0,0,0,0,0,0,0,0,0,0,0,0,0,0,0,0,0,0,0,0,85,-,-,-,-,-,-,-,-
201801270300+0900,-,-,-,101,0,80,0,0,0,0,0,0,0,0,0,0,0,0,0,0,0,0,0,0,0,0,0,0,0,0,0,0,0,0,0,0,0,0,0,0,0,0,0,0,101,-,-,-,-,-,-,-,-
201801270330+0900,-,-,-,84,0,57,0,0,0,0,0,0,0,0,0,0,0,0,0,0,0,0,0,0,0,0,0,0,0,0,0,0,0,0,0,0,0,0,0,0,0,0,0,0,84,-,-,-,-,-,-,-,-
201801270400+0900,-,-,-,86,0,55,0,0,0,0,0,0,0,0,0,0,0,0,0,0,0,0,0,0,0,0,0,0,0,0,0,0,0,0,0,0,0,0,0,0,0,0,0,0,86,-,-,-,-,-,-,-,-
201801270430+0900,-,-,-,102,0,106,0,0,0,0,0,0,0,0,0,0,0,0,0,0,0,0,0,0,0,0,0,0,0,0,0,0,0,0,0,0,0,0,0,0,0,0,0,0,102,-,-,-,-,-,-,-,-
201801270500+0900,-,-,-,122,0,119,0,0,0,0,0,0,6,0,0,0,0,0,0,0,0,0,0,0,0,0,0,0,0,0,0,0,0,0,0,0,0,0,0,0,0,0,0,0,122,-,-,-,-,-,-,-,-
201801270530+0900,-,-,-,96,0,55,0,0,0,0,0,0,31,0,0,0,0,0,0,0,0,0,0,0,0,0,0,0,0,0,0,0,0,0,0,0,0,0,0,0,0,0,0,0,96,-,-,-,-,-,-,-,-
201801270600+0900,-,-,-,96,0,52,0,0,0,0,0,0,32,0,0,0,0,0,0,0,0,0,0,0,0,0,0,0,0,0,0,0,0,0,0,0,0,0,0,0,0,0,0,0,96,-,-,-,-,-,-,-,-
201801270630+0900,-,-,-,198,0,62,0,3,0,211,57,0,30,0,0,0,0,0,0,0,0,0,0,0,0,0,0,0,0,0,0,0,0,0,0,0,0,0,0,0,0,0,0,0,198,-,-,-,-,-,-,-,-
201801270700+0900,-,-,-,251,0,84,0,0,0,1,371,0,13,3,0,0,0,0,0,0,0,0,0,0,0,0,0,0,0,0,0,0,0,0,0,0,0,0,0,0,0,0,0,0,251,-,-,-,-,-,-,-,-
201801270730+0900,-,-,-,133,0,69,0,0,0,4,32,0,0,0,0,0,0,0,0,0,0,0,0,0,0,0,0,0,0,0,0,0,0,0,0,0,0,0,0,0,0,0,0,0,133,-,-,-,-,-,-,-,-
201801270800+0900,-,-,-,178,0,77,0,0,0,2,13,0,35,40,0,0,0,0,0,0,0,0,0,0,0,0,0,0,0,0,0,0,0,0,0,0,0,0,0,0,0,0,0,0,178,-,-,-,-,-,-,-,-
201801270830+0900,-,-,-,145,0,86,0,0,0,0,59,0,45,0,0,0,0,0,0,0,0,0,0,0,0,0,0,0,0,0,0,0,0,0,0,0,0,0,0,0,0,0,0,0,145,-,-,-,-,-,-,-,-
201801270900+0900,-,-,-,128,0,76,0,15,0,0,16,0,45,0,0,0,0,0,0,0,0,0,0,0,0,0,0,0,0,0,0,0,0,0,0,0,0,0,0,0,0,0,0,0,128,-,-,-,-,-,-,-,-
201801270930+0900,-,-,-,97,0,56,0,0,0,0,0,0,36,0,0,0,0,0,0,0,0,0,0,0,0,0,0,0,0,0,0,0,0,0,0,0,0,0,0,0,0,0,0,0,97,-,-,-,-,-,-,-,-
201801271000+0900,-,-,-,97,0,55,0,0,0,0,2,0,31,0,0,0,0,0,0,0,0,0,0,0,0,0,0,0,0,0,0,0,0,0,0,0,0,0,0,0,0,0,0,0,97,-,-,-,-,-,-,-,-
201801271030+0900,-,-,-,94,0,52,0,0,0,0,0,0,30,0,0,0,0,0,0,0,0,0,0,0,0,0,0,0,0,0,0,0,0,0,0,0,0,0,0,0,0,0,0,0,94,-,-,-,-,-,-,-,-
201801271100+0900,-,-,-,95,0,68,0,0,0,0,0,0,29,0,0,0,0,0,0,0,0,0,0,0,0,0,0,0,0,0,0,0,0,0,0,0,0,0,0,0,0,0,0,0,95,-,-,-,-,-,-,-,-
201801271130+0900,-,-,-,101,0,35,0,0,0,57,7,0,30,0,0,0,0,0,0,0,0,0,0,0,0,0,0,0,0,0,0,0,0,0,0,0,0,0,0,0,0,0,0,0,101,-,-,-,-,-,-,-,-
201801271200+0900,-,-,-,243,0,111,0,0,81,8,53,0,32,0,0,0,0,0,0,0,0,0,0,0,0,0,0,0,0,0,0,0,0,0,0,0,0,0,0,0,0,0,0,0,243,-,-,-,-,-,-,-,-
201801271230+0900,-,-,-,129,0,83,0,0,0,23,59,0,35,0,0,0,0,0,0,0,0,0,0,0,0,0,0,0,0,0,0,0,0,0,0,0,0,0,0,0,0,0,0,0,129,-,-,-,-,-,-,-,-
201801271300+0900,-,-,-,100,0,47,0,0,0,0,17,0,33,0,0,0,0,0,0,0,0,0,0,0,0,0,0,0,0,0,0,0,0,0,0,0,0,0,0,0,0,0,0,0,100,-,-,-,-,-,-,-,-
201801271330+0900,-,-,-,158,0,75,0,0,0,126,8,0,31,0,0,0,0,0,0,0,0,0,0,0,0,0,0,0,0,0,0,0,0,0,0,0,0,0,0,0,0,0,0,0,158,-,-,-,-,-,-,-,-
201801271400+0900,-,-,-,135,0,45,0,0,0,74,0,0,30,0,0,0,0,0,0,0,0,0,0,0,0,0,0,0,0,0,0,0,0,0,0,0,0,0,0,0,0,0,0,0,135,-,-,-,-,-,-,-,-
201801271430+0900,-,-,-,94,0,31,0,0,0,0,0,0,35,0,0,0,0,0,0,0,0,0,0,0,0,0,0,0,0,0,0,0,0,0,0,0,0,0,0,0,0,0,0,0,94,-,-,-,-,-,-,-,-
201801271500+0900,-,-,-,112,0,58,0,0,0,2,0,0,46,0,0,0,0,0,0,0,0,0,0,0,0,0,0,0,0,0,0,0,0,0,0,0,0,0,0,0,0,0,0,0,112,-,-,-,-,-,-,-,-
201801271530+0900,-,-,-,98,0,29,0,0,0,9,0,0,44,0,0,0,0,0,0,0,0,0,0,0,0,0,0,0,0,0,0,0,0,0,0,0,0,0,0,0,0,0,0,0,98,-,-,-,-,-,-,-,-
201801271600+0900,-,-,-,139,0,20,0,0,0,97,45,0,46,0,0,0,0,0,0,0,0,0,0,0,0,0,0,0,0,0,0,0,0,0,0,0,0,0,0,0,0,0,0,0,139,-,-,-,-,-,-,-,-
201801271630+0900,-,-,-,128,0,49,0,0,0,35,32,0,46,0,0,0,0,0,0,0,0,0,0,0,0,0,0,0,0,0,0,0,0,0,0,0,0,0,0,0,0,0,0,0,128,-,-,-,-,-,-,-,-
201801271700+0900,-,-,-,119,0,26,0,0,0,19,31,0,44,0,0,0,0,0,0,0,0,0,0,0,0,0,0,0,0,0,0,0,0,0,0,0,0,0,0,0,0,0,0,0,119,-,-,-,-,-,-,-,-
201801271730+0900,-,-,-,133,0,18,0,0,0,10,61,0,98,0,0,0,0,0,0,0,0,0,0,0,0,0,0,0,0,0,0,0,0,0,0,0,0,0,0,0,0,0,0,0,133,-,-,-,-,-,-,-,-
201801271800+0900,-,-,-,214,0,66,0,0,0,40,170,0,140,0,0,0,0,0,0,0,0,0,0,0,0,0,0,0,0,0,0,0,0,0,0,0,0,0,0,0,0,0,0,0,214,-,-,-,-,-,-,-,-
201801271830+0900,-,-,-,175,0,85,0,0,0,40,73,0,111,5,0,0,0,0,0,0,0,0,0,0,0,0,0,0,0,0,0,0,0,0,0,0,0,0,0,0,0,0,0,0,175,-,-,-,-,-,-,-,-
201801271900+0900,-,-,-,290,0,35,0,0,0,25,37,0,58,0,0,0,0,0,0,0,0,0,0,0,0,0,0,0,0,0,0,0,0,0,0,0,0,0,0,0,0,0,0,0,290,-,-,-,-,-,-,-,-
201801271930+0900,-,-,-,302,0,57,0,0,16,25,31,0,40,0,0,0,0,0,0,0,0,0,0,0,0,0,0,0,0,0,0,0,0,0,0,0,0,0,0,0,0,0,0,0,302,-,-,-,-,-,-,-,-
201801272000+0900,-,-,-,730,0,124,0,3,305,31,29,0,181,0,0,0,0,0,0,0,0,0,0,0,0,0,0,0,0,0,0,0,0,0,0,0,0,0,0,0,0,0,0,0,730,-,-,-,-,-,-,-,-
201801272030+0900,-,-,-,682,0,137,0,0,268,3,11,0,203,0,0,0,0,0,0,0,0,0,0,0,0,0,0,0,0,0,0,0,0,0,0,0,0,0,0,0,0,0,0,0,682,-,-,-,-,-,-,-,-
201801272100+0900,-,-,-,653,0,69,0,0,263,0,0,0,256,0,0,0,0,0,0,0,0,0,0,0,0,0,0,0,0,0,0,0,0,0,0,0,0,0,0,0,0,0,0,0,653,-,-,-,-,-,-,-,-
201801272130+0900,-,-,-,461,0,118,0,0,50,0,0,0,234,0,0,0,0,0,0,0,0,0,0,0,0,0,0,0,0,0,0,0,0,0,0,0,0,0,0,0,0,0,0,0,461,-,-,-,-,-,-,-,-
201801272200+0900,-,-,-,388,0,193,0,0,0,0,0,0,225,0,0,0,0,0,0,0,0,0,0,0,0,0,0,0,0,0,0,0,0,0,0,0,0,0,0,0,0,0,0,0,388,-,-,-,-,-,-,-,-
201801272230+0900,-,-,-,461,0,84,0,0,0,0,0,0,226,0,0,0,0,0,0,0,0,0,0,0,0,0,0,0,0,0,0,0,0,0,0,0,0,0,0,0,0,0,0,0,461,-,-,-,-,-,-,-,-
201801272300+0900,-,-,-,235,0,60,0,4,0,0,0,0,136,0,0,0,0,0,0,0,0,0,0,0,0,0,0,0,0,0,0,0,0,0,0,0,0,0,0,0,0,0,0,0,235,-,-,-,-,-,-,-,-
201801272330+0900,-,-,-,126,0,47,0,0,0,0,0,0,6,0,0,0,0,0,0,0,0,0,0,0,0,0,0,0,0,0,0,0,0,0,0,0,0,0,0,0,0,0,0,0,126,-,-,-,-,-,-,-,-
201801280000+0900,-,-,-,106,0,56,0,0,0,0,0,0,10,0,0,0,0,0,0,0,0,0,0,0,0,0,0,0,0,0,0,0,0,0,0,0,0,0,0,0,0,0,0,0,106,-,-,-,-,-,-,-,-
201801280030+0900,-,-,-,87,0,56,0,0,0,0,0,0,9,0,0,0,0,0,0,0,0,0,0,0,0,0,0,0,0,0,0,0,0,0,0,0,0,0,0,0,0,0,0,0,87,-,-,-,-,-,-,-,-
201801280100+0900,-,-,-,103,0,91,0,0,0,0,0,0,0,0,0,0,0,0,0,0,0,0,0,0,0,0,0,0,0,0,0,0,0,0,0,0,0,0,0,0,0,0,0,0,103,-,-,-,-,-,-,-,-
201801280130+0900,-,-,-,84,0,59,0,0,0,0,0,0,0,0,0,0,0,0,0,0,0,0,0,0,0,0,0,0,0,0,0,0,0,0,0,0,0,0,0,0,0,0,0,0,84,-,-,-,-,-,-,-,-
201801280200+0900,-,-,-,86,0,60,0,0,0,0,0,0,0,0,0,0,0,0,0,0,0,0,0,0,0,0,0,0,0,0,0,0,0,0,0,0,0,0,0,0,0,0,0,0,86,-,-,-,-,-,-,-,-
201801280230+0900,-,-,-,92,0,68,0,0,0,0,0,0,0,0,0,0,0,0,0,0,0,0,0,0,0,0,0,0,0,0,0,0,0,0,0,0,0,0,0,0,0,0,0,0,92,-,-,-,-,-,-,-,-
201801280300+0900,-,-,-,84,0,54,0,0,0,0,0,0,0,0,0,0,0,0,0,0,0,0,0,0,0,0,0,0,0,0,0,0,0,0,0,0,0,0,0,0,0,0,0,0,84,-,-,-,-,-,-,-,-
201801280330+0900,-,-,-,100,0,81,0,0,0,0,0,0,0,0,0,0,0,0,0,0,0,0,0,0,0,0,0,0,0,0,0,0,0,0,0,0,0,0,0,0,0,0,0,0,100,-,-,-,-,-,-,-,-
201801280400+0900,-,-,-,83,0,56,0,0,0,0,0,0,0,0,0,0,0,0,0,0,0,0,0,0,0,0,0,0,0,0,0,0,0,0,0,0,0,0,0,0,0,0,0,0,83,-,-,-,-,-,-,-,-
201801280430+0900,-,-,-,118,0,130,0,0,0,0,0,0,0,0,0,0,0,0,0,0,0,0,0,0,0,0,0,0,0,0,0,0,0,0,0,0,0,0,0,0,0,0,0,0,118,-,-,-,-,-,-,-,-
201801280500+0900,-,-,-,105,0,92,0,0,0,0,1,0,4,0,0,0,0,0,0,0,0,0,0,0,0,0,0,0,0,0,0,0,0,0,0,0,0,0,0,0,0,0,0,0,105,-,-,-,-,-,-,-,-
201801280530+0900,-,-,-,80,0,17,0,0,0,0,0,0,16,0,0,0,0,0,0,0,0,0,0,0,0,0,0,0,0,0,0,0,0,0,0,0,0,0,0,0,0,0,0,0,80,-,-,-,-,-,-,-,-
201801280600+0900,-,-,-,170,0,57,0,12,0,102,52,0,18,0,0,0,0,0,0,0,0,0,0,0,0,0,0,0,0,0,0,0,0,0,0,0,0,0,0,0,0,0,0,0,170,-,-,-,-,-,-,-,-
201801280630+0900,-,-,-,241,0,243,0,0,0,148,31,0,19,4,0,0,0,0,0,0,0,0,0,0,0,0,0,0,0,0,0,0,0,0,0,0,0,0,0,0,0,0,0,0,241,-,-,-,-,-,-,-,-
201801280700+0900,-,-,-,222,0,280,0,3,0,2,31,0,39,0,0,0,0,0,0,0,0,0,0,0,0,0,0,0,0,0,0,0,0,0,0,0,0,0,0,0,0,0,0,0,222,-,-,-,-,-,-,-,-
201801280730+0900,-,-,-,264,0,366,0,0,0,9,31,0,63,0,0,0,0,0,0,0,0,0,0,0,0,0,0,0,0,0,0,0,0,0,0,0,0,0,0,0,0,0,0,0,264,-,-,-,-,-,-,-,-
201801280800+0900,-,-,-,192,0,106,0,0,0,9,21,0,86,24,0,0,0,0,0,0,0,0,0,0,0,0,0,0,0,0,0,0,0,0,0,0,0,0,0,0,0,0,0,0,192,-,-,-,-,-,-,-,-
201801280830+0900,-,-,-,119,0,77,0,0,0,9,13,0,31,0,0,0,0,0,0,0,0,0,0,0,0,0,0,0,0,0,0,0,0,0,0,0,0,0,0,0,0,0,0,0,119,-,-,-,-,-,-,-,-
201801280900+0900,-,-,-,101,0,47,0,0,0,10,0,0,30,0,0,0,0,0,0,0,0,0,0,0,0,0,0,0,0,0,0,0,0,0,0,0,0,0,0,0,0,0,0,0,101,-,-,-,-,-,-,-,-
201801280930+0900,-,-,-,93,0,18,0,0,0,8,0,0,46,0,0,0,0,0,0,0,0,0,0,0,0,0,0,0,0,0,0,0,0,0,0,0,0,0,0,0,0,0,0,0,93,-,-,-,-,-,-,-,-
201801281000+0900,-,-,-,178,0,6,0,0,0,11,0,0,300,0,0,0,0,0,0,0,0,0,0,0,0,0,0,0,0,0,0,0,0,0,0,0,0,0,0,0,0,0,0,0,178,-,-,-,-,-,-,-,-
201801281030+0900,-,-,-,165,0,42,0,0,0,8,0,0,212,0,0,0,0,0,0,0,0,0,0,0,0,0,0,0,0,0,0,0,0,0,0,0,0,0,0,0,0,0,0,0,165,-,-,-,-,-,-,-,-
201801281100+0900,-,-,-,133,0,14,0,0,0,10,0,0,190,0,0,0,0,0,0,0,0,0,0,0,0,0,0,0,0,0,0,0,0,0,0,0,0,0,0,0,0,0,0,0,133,-,-,-,-,-,-,-,-
201801281130+0900,-,-,-,132,0,24,0,0,0,8,0,0,180,0,0,0,0,0,0,0,0,0,0,0,0,0,0,0,0,0,0,0,0,0,0,0,0,0,0,0,0,0,0,0,132,-,-,-,-,-,-,-,-
201801281200+0900,-,-,-,128,0,34,0,0,0,11,112,0,59,0,0,0,0,0,0,0,0,0,0,0,0,0,0,0,0,0,0,0,0,0,0,0,0,0,0,0,0,0,0,0,128,-,-,-,-,-,-,-,-
201801281230+0900,-,-,-,193,0,19,0,0,0,8,46,0,40,0,0,0,0,0,0,0,0,0,0,0,0,0,0,0,0,0,0,0,0,0,0,0,0,0,0,0,0,0,0,0,193,-,-,-,-,-,-,-,-
201801281300+0900,-,-,-,301,0,44,0,0,0,9,0,0,45,0,0,0,0,0,0,0,0,0,0,0,0,0,0,0,0,0,0,0,0,0,0,0,0,0,0,0,0,0,0,0,301,-,-,-,-,-,-,-,-
201801281330+0900,-,-,-,251,0,22,0,0,0,9,0,0,45,0,0,0,0,0,0,0,0,0,0,0,0,0,0,0,0,0,0,0,0,0,0,0,0,0,0,0,0,0,0,0,251,-,-,-,-,-,-,-,-
201801281400+0900,-,-,-,239,0,14,0,0,0,10,0,0,45,0,0,0,0,0,0,0,0,0,0,0,0,0,0,0,0,0,0,0,0,0,0,0,0,0,0,0,0,0,0,0,239,-,-,-,-,-,-,-,-
201801281430+0900,-,-,-,234,0,40,0,0,0,9,0,0,46,0,0,0,0,0,0,0,0,0,0,0,0,0,0,0,0,0,0,0,0,0,0,0,0,0,0,0,0,0,0,0,234,-,-,-,-,-,-,-,-
201801281500+0900,-,-,-,215,0,14,0,0,0,10,0,0,47,0,0,0,0,0,0,0,0,0,0,0,0,0,0,0,0,0,0,0,0,0,0,0,0,0,0,0,0,0,0,0,215,-,-,-,-,-,-,-,-
201801281530+0900,-,-,-,244,0,31,0,0,0,80,0,0,46,0,0,0,0,0,0,0,0,0,0,0,0,0,0,0,0,0,0,0,0,0,0,0,0,0,0,0,0,0,0,0,244,-,-,-,-,-,-,-,-
201801281600+0900,-,-,-,235,0,25,0,0,0,85,0,0,46,0,0,0,0,0,0,0,0,0,0,0,0,0,0,0,0,0,0,0,0,0,0,0,0,0,0,0,0,0,0,0,235,-,-,-,-,-,-,-,-
201801281630+0900,-,-,-,165,0,14,0,0,0,0,2,0,45,0,0,0,0,0,0,0,0,0,0,0,0,0,0,0,0,0,0,0,0,0,0,0,0,0,0,0,0,0,0,0,165,-,-,-,-,-,-,-,-
201801281700+0900,-,-,-,213,0,46,0,0,0,6,47,0,102,0,0,0,0,0,0,0,0,0,0,0,0,0,0,0,0,0,0,0,0,0,0,0,0,0,0,0,0,0,0,0,213,-,-,-,-,-,-,-,-
201801281730+0900,-,-,-,245,0,18,0,0,0,30,126,0,127,0,0,0,0,0,0,0,0,0,0,0,0,0,0,0,0,0,0,0,0,0,0,0,0,0,0,0,0,0,0,0,245,-,-,-,-,-,-,-,-
201801281800+0900,-,-,-,244,0,59,0,0,0,14,168,0,62,0,0,0,0,0,0,0,0,0,0,0,0,0,0,0,0,0,0,0,0,0,0,0,0,0,0,0,0,0,0,0,244,-,-,-,-,-,-,-,-
201801281830+0900,-,-,-,253,0,143,0,2,0,19,28,0,106,0,0,0,0,0,0,0,0,0,0,0,0,0,0,0,0,0,0,0,0,0,0,0,0,0,0,0,0,0,0,0,253,-,-,-,-,-,-,-,-
201801281900+0900,-,-,-,611,0,159,0,0,239,0,0,0,220,0,0,0,0,0,0,0,0,0,0,0,0,0,0,0,0,0,0,0,0,0,0,0,0,0,0,0,0,0,0,0,611,-,-,-,-,-,-,-,-
201801281930+0900,-,-,-,625,0,97,0,0,264,0,0,0,216,0,0,0,0,0,0,0,0,0,0,0,0,0,0,0,0,0,0,0,0,0,0,0,0,0,0,0,0,0,0,0,625,-,-,-,-,-,-,-,-
201801282000+0900,-,-,-,599,0,59,0,0,253,0,0,0,235,0,0,0,0,0,0,0,0,0,0,0,0,0,0,0,0,0,0,0,0,0,0,0,0,0,0,0,0,0,0,0,599,-,-,-,-,-,-,-,-
201801282030+0900,-,-,-,372,0,104,0,0,0,0,0,0,204,0,0,0,0,0,0,0,0,0,0,0,0,0,0,0,0,0,0,0,0,0,0,0,0,0,0,0,0,0,0,0,372,-,-,-,-,-,-,-,-
201801282100+0900,-,-,-,377,0,80,0,0,0,0,3,0,91,1,0,0,0,0,0,0,0,0,0,0,0,0,0,0,0,0,0,0,0,0,0,0,0,0,0,0,0,0,0,0,377,-,-,-,-,-,-,-,-
201801282130+0900,-,-,-,319,0,94,0,1,0,0,1,0,16,0,0,0,0,0,0,0,0,0,0,0,0,0,0,0,0,0,0,0,0,0,0,0,0,0,0,0,0,0,0,0,319,-,-,-,-,-,-,-,-
201801282200+0900,-,-,-,165,0,22,0,19,0,0,0,0,0,0,0,0,0,0,0,0,0,0,0,0,0,0,0,0,0,0,0,0,0,0,0,0,0,0,0,0,0,0,0,0,165,-,-,-,-,-,-,-,-
201801282230+0900,-,-,-,128,0,42,0,0,0,0,0,0,0,0,0,0,0,0,0,0,0,0,0,0,0,0,0,0,0,0,0,0,0,0,0,0,0,0,0,0,0,0,0,0,128,-,-,-,-,-,-,-,-
201801282300+0900,-,-,-,105,0,16,0,0,0,0,0,0,0,0,0,0,0,0,0,0,0,0,0,0,0,0,0,0,0,0,0,0,0,0,0,0,0,0,0,0,0,0,0,0,105,-,-,-,-,-,-,-,-
201801282330+0900,-,-,-,85,0,40,0,0,0,0,0,0,0,0,0,0,0,0,0,0,0,0,0,0,0,0,0,0,0,0,0,0,0,0,0,0,0,0,0,0,0,0,0,0,85,-,-,-,-,-,-,-,-
201801290000+0900,-,-,-,85,0,54,0,0,0,0,0,0,10,0,0,0,0,0,0,0,0,0,0,0,0,0,0,0,0,0,0,0,0,0,0,0,0,0,0,0,0,0,0,0,85,-,-,-,-,-,-,-,-
201801290030+0900,-,-,-,94,0,71,0,0,0,0,0,0,5,0,0,0,0,0,0,0,0,0,0,0,0,0,0,0,0,0,0,0,0,0,0,0,0,0,0,0,0,0,0,0,94,-,-,-,-,-,-,-,-
201801290100+0900,-,-,-,88,0,71,0,0,0,0,0,0,0,0,0,0,0,0,0,0,0,0,0,0,0,0,0,0,0,0,0,0,0,0,0,0,0,0,0,0,0,0,0,0,88,-,-,-,-,-,-,-,-
201801290130+0900,-,-,-,87,0,58,0,0,0,0,0,0,0,0,0,0,0,0,0,0,0,0,0,0,0,0,0,0,0,0,0,0,0,0,0,0,0,0,0,0,0,0,0,0,87,-,-,-,-,-,-,-,-
201801290200+0900,-,-,-,99,0,82,0,0,0,0,0,0,0,4,0,0,0,0,0,0,0,0,0,0,0,0,0,0,0,0,0,0,0,0,0,0,0,0,0,0,0,0,0,0,99,-,-,-,-,-,-,-,-
201801290230+0900,-,-,-,84,0,53,0,0,0,0,0,0,0,0,0,0,0,0,0,0,0,0,0,0,0,0,0,0,0,0,0,0,0,0,0,0,0,0,0,0,0,0,0,0,84,-,-,-,-,-,-,-,-
201801290300+0900,-,-,-,92,0,71,0,0,0,0,0,0,0,0,0,0,0,0,0,0,0,0,0,0,0,0,0,0,0,0,0,0,0,0,0,0,0,0,0,0,0,0,0,0,92,-,-,-,-,-,-,-,-
201801290330+0900,-,-,-,84,0,46,0,0,0,0,0,0,0,0,0,0,0,0,0,0,0,0,0,0,0,0,0,0,0,0,0,0,0,0,0,0,0,0,0,0,0,0,0,0,84,-,-,-,-,-,-,-,-
201801290400+0900,-,-,-,86,0,54,0,0,0,0,0,0,0,0,0,0,0,0,0,0,0,0,0,0,0,0,0,0,0,0,0,0,0,0,0,0,0,0,0,0,0,0,0,0,86,-,-,-,-,-,-,-,-
201801290430+0900,-,-,-,103,0,88,0,0,0,0,0,0,0,0,0,0,0,0,0,0,0,0,0,0,0,0,0,0,0,0,0,0,0,0,0,0,0,0,0,0,0,0,0,0,103,-,-,-,-,-,-,-,-
201801290500+0900,-,-,-,72,0,13,0,0,0,0,0,0,5,0,0,0,0,0,0,0,0,0,0,0,0,0,0,0,0,0,0,0,0,0,0,0,0,0,0,0,0,0,0,0,72,-,-,-,-,-,-,-,-
201801290530+0900,-,-,-,121,0,41,0,7,0,30,33,0,21,0,0,0,0,0,0,0,0,0,0,0,0,0,0,0,0,0,0,0,0,0,0,0,0,0,0,0,0,0,0,0,121,-,-,-,-,-,-,-,-
201801290600+0900,-,-,-,210,0,30,0,1,0,205,38,0,21,0,0,0,0,0,0,0,0,0,0,0,0,0,0,0,0,0,0,0,0,0,0,0,0,0,0,0,0,0,0,0,210,-,-,-,-,-,-,-,-
201801290630+0900,-,-,-,186,0,30,0,4,0,10,214,0,0,4,0,0,0,0,0,0,0,0,0,0,0,0,0,0,0,0,0,0,0,0,0,0,0,0,0,0,0,0,0,0,186,-,-,-,-,-,-,-,-
201801290700+0900,-,-,-,144,0,55,0,1,0,4,32,0,0,0,0,0,0,0,0,0,0,0,0,0,0,0,0,0,0,0,0,0,0,0,0,0,0,0,0,0,0,0,0,0,144,-,-,-,-,-,-,-,-
201801290730+0900,-,-,-,113,0,26,0,4,0,0,29,0,0,5,0,0,0,0,0,0,0,0,0,0,0,0,0,0,0,0,0,0,0,0,0,0,0,0,0,0,0,0,0,0,113,-,-,-,-,-,-,-,-
201801290800+0900,-,-,-,89,0,49,0,0,0,0,0,0,0,0,0,0,0,0,0,0,0,0,0,0,0,0,0,0,0,0,0,0,0,0,0,0,0,0,0,0,0,0,0,0,89,-,-,-,-,-,-,-,-
201801290830+0900,-,-,-,77,0,20,0,0,0,0,0,0,0,0,0,0,0,0,0,0,0,0,0,0,0,0,0,0,0,0,0,0,0,0,0,0,0,0,0,0,0,0,0,0,77,-,-,-,-,-,-,-,-
201801290900+0900,-,-,-,83,0,30,0,0,0,0,0,0,0,0,0,0,0,0,0,0,0,0,0,0,0,0,0,0,0,0,0,0,0,0,0,0,0,0,0,0,0,0,0,0,83,-,-,-,-,-,-,-,-
201801290930+0900,-,-,-,75,0,23,0,0,0,0,0,0,0,0,0,0,0,0,0,0,0,0,0,0,0,0,0,0,0,0,0,0,0,0,0,0,0,0,0,0,0,0,0,0,75,-,-,-,-,-,-,-,-
201801291000+0900,-,-,-,76,0,16,0,0,0,0,0,0,0,0,0,0,0,0,0,0,0,0,0,0,0,0,0,0,0,0,0,0,0,0,0,0,0,0,0,0,0,0,0,0,76,-,-,-,-,-,-,-,-
201801291030+0900,-,-,-,80,0,28,0,0,0,0,0,0,0,0,0,0,0,0,0,0,0,0,0,0,0,0,0,0,0,0,0,0,0,0,0,0,0,0,0,0,0,0,0,0,80,-,-,-,-,-,-,-,-
201801291100+0900,-,-,-,65,0,13,0,0,0,0,0,0,0,0,0,0,0,0,0,0,0,0,0,0,0,0,0,0,0,0,0,0,0,0,0,0,0,0,0,0,0,0,0,0,65,-,-,-,-,-,-,-,-
201801291130+0900,-,-,-,71,0,34,0,0,0,0,0,0,0,0,0,0,0,0,0,0,0,0,0,0,0,0,0,0,0,0,0,0,0,0,0,0,0,0,0,0,0,0,0,0,71,-,-,-,-,-,-,-,-
201801291200+0900,-,-,-,65,0,22,0,0,0,0,0,0,0,0,0,0,0,0,0,0,0,0,0,0,0,0,0,0,0,0,0,0,0,0,0,0,0,0,0,0,0,0,0,0,65,-,-,-,-,-,-,-,-
201801291230+0900,-,-,-,62,0,12,0,0,0,0,0,0,0,0,0,0,0,0,0,0,0,0,0,0,0,0,0,0,0,0,0,0,0,0,0,0,0,0,0,0,0,0,0,0,62,-,-,-,-,-,-,-,-
201801291300+0900,-,-,-,73,0,38,0,0,0,0,0,0,0,0,0,0,0,0,0,0,0,0,0,0,0,0,0,0,0,0,0,0,0,0,0,0,0,0,0,0,0,0,0,0,73,-,-,-,-,-,-,-,-
201801291330+0900,-,-,-,62,0,11,0,0,0,0,0,0,0,0,0,0,0,0,0,0,0,0,0,0,0,0,0,0,0,0,0,0,0,0,0,0,0,0,0,0,0,0,0,0,62,-,-,-,-,-,-,-,-
201801291400+0900,-,-,-,89,0,11,0,0,0,0,0,0,0,0,0,0,0,0,0,0,0,0,0,0,0,0,0,0,0,0,0,0,0,0,0,0,0,0,0,0,0,0,0,0,89,-,-,-,-,-,-,-,-
201801291430+0900,-,-,-,86,0,36,0,0,0,0,0,0,0,0,0,0,0,0,0,0,0,0,0,0,0,0,0,0,0,0,0,0,0,0,0,0,0,0,0,0,0,0,0,0,86,-,-,-,-,-,-,-,-
201801291500+0900,-,-,-,72,0,11,0,0,0,0,0,0,0,0,0,0,0,0,0,0,0,0,0,0,0,0,0,0,0,0,0,0,0,0,0,0,0,0,0,0,0,0,0,0,72,-,-,-,-,-,-,-,-
201801291530+0900,-,-,-,78,0,14,0,0,0,0,0,0,0,0,0,0,0,0,0,0,0,0,0,0,0,0,0,0,0,0,0,0,0,0,0,0,0,0,0,0,0,0,0,0,78,-,-,-,-,-,-,-,-
201801291600+0900,-,-,-,95,0,58,0,0,0,0,0,0,0,0,0,0,0,0,0,0,0,0,0,0,0,0,0,0,0,0,0,0,0,0,0,0,0,0,0,0,0,0,0,0,95,-,-,-,-,-,-,-,-
201801291630+0900,-,-,-,86,0,53,0,0,0,0,0,0,0,0,0,0,0,0,0,0,0,0,0,0,0,0,0,0,0,0,0,0,0,0,0,0,0,0,0,0,0,0,0,0,86,-,-,-,-,-,-,-,-
201801291700+0900,-,-,-,76,0,15,0,0,0,0,0,0,0,0,0,0,0,0,0,0,0,0,0,0,0,0,0,0,0,0,0,0,0,0,0,0,0,0,0,0,0,0,0,0,76,-,-,-,-,-,-,-,-
201801291730+0900,-,-,-,96,0,69,0,0,0,0,0,0,0,0,0,0,0,0,0,0,0,0,0,0,0,0,0,0,0,0,0,0,0,0,0,0,0,0,0,0,0,0,0,0,96,-,-,-,-,-,-,-,-
201801291800+0900,-,-,-,96,0,87,0,0,0,0,0,0,0,0,0,0,0,0,0,0,0,0,0,0,0,0,0,0,0,0,0,0,0,0,0,0,0,0,0,0,0,0,0,0,96,-,-,-,-,-,-,-,-
201801291830+0900,-,-,-,93,0,82,0,0,0,0,0,0,0,0,0,0,0,0,0,0,0,0,0,0,0,0,0,0,0,0,0,0,0,0,0,0,0,0,0,0,0,0,0,0,93,-,-,-,-,-,-,-,-
201801291900+0900,-,-,-,99,0,93,0,0,0,0,0,0,0,0,0,0,0,0,0,0,0,0,0,0,0,0,0,0,0,0,0,0,0,0,0,0,0,0,0,0,0,0,0,0,99,-,-,-,-,-,-,-,-
201801291930+0900,-,-,-,490,0,94,0,0,222,153,127,0,0,1,0,0,0,0,0,0,0,0,0,0,0,0,0,0,0,0,0,0,0,0,0,0,0,0,0,0,0,0,0,0,490,-,-,-,-,-,-,-,-
201801292000+0900,-,-,-,623,0,128,0,0,302,0,31,0,253,0,0,0,0,0,0,0,0,0,0,0,0,0,0,0,0,0,0,0,0,0,0,0,0,0,0,0,0,0,0,0,623,-,-,-,-,-,-,-,-
201801292030+0900,-,-,-,462,0,36,0,0,206,5,31,0,226,0,0,0,0,0,0,0,0,0,0,0,0,0,0,0,0,0,0,0,0,0,0,0,0,0,0,0,0,0,0,0,462,-,-,-,-,-,-,-,-
201801292100+0900,-,-,-,182,0,42,0,0,0,0,30,0,211,0,0,0,0,0,0,0,0,0,0,0,0,0,0,0,0,0,0,0,0,0,0,0,0,0,0,0,0,0,0,0,182,-,-,-,-,-,-,-,-
201801292130+0900,-,-,-,127,0,14,0,0,0,0,0,0,134,0,0,0,0,0,0,0,0,0,0,0,0,0,0,0,0,0,0,0,0,0,0,0,0,0,0,0,0,0,0,0,127,-,-,-,-,-,-,-,-
201801292200+0900,-,-,-,88,0,20,0,0,0,0,0,0,24,0,0,0,0,0,0,0,0,0,0,0,0,0,0,0,0,0,0,0,0,0,0,0,0,0,0,0,0,0,0,0,88,-,-,-,-,-,-,-,-
201801292230+0900,-,-,-,93,0,44,0,0,0,0,0,0,18,0,0,0,0,0,0,0,0,0,0,0,0,0,0,0,0,0,0,0,0,0,0,0,0,0,0,0,0,0,0,0,93,-,-,-,-,-,-,-,-
201801292300+0900,-,-,-,90,0,55,0,0,0,0,0,0,6,0,0,0,0,0,0,0,0,0,0,0,0,0,0,0,0,0,0,0,0,0,0,0,0,0,0,0,0,0,0,0,90,-,-,-,-,-,-,-,-
201801292330+0900,-,-,-,87,0,57,0,0,0,0,0,0,0,0,0,0,0,0,0,0,0,0,0,0,0,0,0,0,0,0,0,0,0,0,0,0,0,0,0,0,0,0,0,0,87,-,-,-,-,-,-,-,-
201801300000+0900,-,-,-,96,0,70,0,0,0,0,0,0,9,0,0,0,0,0,0,0,0,0,0,0,0,0,0,0,0,0,0,0,0,0,0,0,0,0,0,0,0,0,0,0,96,-,-,-,-,-,-,-,-
201801300030+0900,-,-,-,80,0,35,0,0,0,0,0,0,6,0,0,0,0,0,0,0,0,0,0,0,0,0,0,0,0,0,0,0,0,0,0,0,0,0,0,0,0,0,0,0,80,-,-,-,-,-,-,-,-
201801300100+0900,-,-,-,84,0,39,0,0,0,0,0,0,0,0,0,0,0,0,0,0,0,0,0,0,0,0,0,0,0,0,0,0,0,0,0,0,0,0,0,0,0,0,0,0,84,-,-,-,-,-,-,-,-
201801300130+0900,-,-,-,78,0,18,0,0,0,0,0,0,0,0,0,0,0,0,0,0,0,0,0,0,0,0,0,0,0,0,0,0,0,0,0,0,0,0,0,0,0,0,0,0,78,-,-,-,-,-,-,-,-
201801300200+0900,-,-,-,75,0,16,0,0,0,0,0,0,0,0,0,0,0,0,0,0,0,0,0,0,0,0,0,0,0,0,0,0,0,0,0,0,0,0,0,0,0,0,0,0,75,-,-,-,-,-,-,-,-
201801300230+0900,-,-,-,91,0,66,0,0,0,0,0,0,0,0,0,0,0,0,0,0,0,0,0,0,0,0,0,0,0,0,0,0,0,0,0,0,0,0,0,0,0,0,0,0,91,-,-,-,-,-,-,-,-
201801300300+0900,-,-,-,84,0,53,0,0,0,0,0,0,0,0,0,0,0,0,0,0,0,0,0,0,0,0,0,0,0,0,0,0,0,0,0,0,0,0,0,0,0,0,0,0,84,-,-,-,-,-,-,-,-
201801300330+0900,-,-,-,87,0,54,0,0,0,0,0,0,0,0,0,0,0,0,0,0,0,0,0,0,0,0,0,0,0,0,0,0,0,0,0,0,0,0,0,0,0,0,0,0,87,-,-,-,-,-,-,-,-
201801300400+0900,-,-,-,93,0,72,0,0,0,0,0,0,0,0,0,0,0,0,0,0,0,0,0,0,0,0,0,0,0,0,0,0,0,0,0,0,0,0,0,0,0,0,0,0,93,-,-,-,-,-,-,-,-
201801300430+0900,-,-,-,87,0,57,0,0,0,0,0,0,0,0,0,0,0,0,0,0,0,0,0,0,0,0,0,0,0,0,0,0,0,0,0,0,0,0,0,0,0,0,0,0,87,-,-,-,-,-,-,-,-
201801300500+0900,-,-,-,86,0,52,0,0,0,0,0,0,5,0,0,0,0,0,0,0,0,0,0,0,0,0,0,0,0,0,0,0,0,0,0,0,0,0,0,0,0,0,0,0,86,-,-,-,-,-,-,-,-
201801300530+0900,-,-,-,123,0,59,0,0,0,52,40,0,20,1,0,0,0,0,0,0,0,0,0,0,0,0,0,0,0,0,0,0,0,0,0,0,0,0,0,0,0,0,0,0,123,-,-,-,-,-,-,-,-
201801300600+0900,-,-,-,141,0,88,0,0,0,55,32,0,17,0,0,0,0,0,0,0,0,0,0,0,0,0,0,0,0,0,0,0,0,0,0,0,0,0,0,0,0,0,0,0,141,-,-,-,-,-,-,-,-
201801300630+0900,-,-,-,100,0,64,0,0,0,0,16,0,6,0,0,0,0,0,0,0,0,0,0,0,0,0,0,0,0,0,0,0,0,0,0,0,0,0,0,0,0,0,0,0,100,-,-,-,-,-,-,-,-
201801300700+0900,-,-,-,87,0,60,0,0,0,0,0,0,0,0,0,0,0,0,0,0,0,0,0,0,0,0,0,0,0,0,0,0,0,0,0,0,0,0,0,0,0,0,0,0,87,-,-,-,-,-,-,-,-
201801300730+0900,-,-,-,101,0,76,0,0,0,0,0,0,0,0,0,0,0,0,0,0,0,0,0,0,0,0,0,0,0,0,0,0,0,0,0,0,0,0,0,0,0,0,0,0,101,-,-,-,-,-,-,-,-
201801300800+0900,-,-,-,91,0,62,0,0,0,0,0,0,0,0,0,0,0,0,0,0,0,0,0,0,0,0,0,0,0,0,0,0,0,0,0,0,0,0,0,0,0,0,0,0,91,-,-,-,-,-,-,-,-
201801300830+0900,-,-,-,87,0,50,0,0,0,0,0,0,0,0,0,0,0,0,0,0,0,0,0,0,0,0,0,0,0,0,0,0,0,0,0,0,0,0,0,0,0,0,0,0,87,-,-,-,-,-,-,-,-
201801300900+0900,-,-,-,74,0,11,0,0,0,0,0,0,0,0,0,0,0,0,0,0,0,0,0,0,0,0,0,0,0,0,0,0,0,0,0,0,0,0,0,0,0,0,0,0,74,-,-,-,-,-,-,-,-
201801300930+0900,-,-,-,87,0,40,0,0,0,0,0,0,0,0,0,0,0,0,0,0,0,0,0,0,0,0,0,0,0,0,0,0,0,0,0,0,0,0,0,0,0,0,0,0,87,-,-,-,-,-,-,-,-
201801301000+0900,-,-,-,71,0,11,0,0,0,0,0,0,0,0,0,0,0,0,0,0,0,0,0,0,0,0,0,0,0,0,0,0,0,0,0,0,0,0,0,0,0,0,0,0,71,-,-,-,-,-,-,-,-
201801301030+0900,-,-,-,75,0,10,0,0,0,0,0,0,0,0,0,0,0,0,0,0,0,0,0,0,0,0,0,0,0,0,0,0,0,0,0,0,0,0,0,0,0,0,0,0,75,-,-,-,-,-,-,-,-
201801301100+0900,-,-,-,62,0,10,0,0,0,0,0,0,0,0,0,0,0,0,0,0,0,0,0,0,0,0,0,0,0,0,0,0,0,0,0,0,0,0,0,0,0,0,0,0,62,-,-,-,-,-,-,-,-
201801301130+0900,-,-,-,62,0,12,0,0,0,0,0,0,0,0,0,0,0,0,0,0,0,0,0,0,0,0,0,0,0,0,0,0,0,0,0,0,0,0,0,0,0,0,0,0,62,-,-,-,-,-,-,-,-
201801301200+0900,-,-,-,76,0,45,0,0,0,0,0,0,0,0,0,0,0,0,0,0,0,0,0,0,0,0,0,0,0,0,0,0,0,0,0,0,0,0,0,0,0,0,0,0,76,-,-,-,-,-,-,-,-
201801301230+0900,-,-,-,62,0,11,0,0,0,0,0,0,0,0,0,0,0,0,0,0,0,0,0,0,0,0,0,0,0,0,0,0,0,0,0,0,0,0,0,0,0,0,0,0,62,-,-,-,-,-,-,-,-
201801301300+0900,-,-,-,61,0,10,0,0,0,0,0,0,0,0,0,0,0,0,0,0,0,0,0,0,0,0,0,0,0,0,0,0,0,0,0,0,0,0,0,0,0,0,0,0,61,-,-,-,-,-,-,-,-
201801301330+0900,-,-,-,71,0,30,0,0,0,0,0,0,0,0,0,0,0,0,0,0,0,0,0,0,0,0,0,0,0,0,0,0,0,0,0,0,0,0,0,0,0,0,0,0,71,-,-,-,-,-,-,-,-
201801301400+0900,-,-,-,94,0,16,0,0,0,0,0,0,0,0,0,0,0,0,0,0,0,0,0,0,0,0,0,0,0,0,0,0,0,0,0,0,0,0,0,0,0,0,0,0,94,-,-,-,-,-,-,-,-
201801301430+0900,-,-,-,73,0,10,0,0,0,0,0,0,0,0,0,0,0,0,0,0,0,0,0,0,0,0,0,0,0,0,0,0,0,0,0,0,0,0,0,0,0,0,0,0,73,-,-,-,-,-,-,-,-
201801301500+0900,-,-,-,85,0,33,0,0,0,0,0,0,0,0,0,0,0,0,0,0,0,0,0,0,0,0,0,0,0,0,0,0,0,0,0,0,0,0,0,0,0,0,0,0,85,-,-,-,-,-,-,-,-
201801301530+0900,-,-,-,87,0,13,0,0,0,0,31,0,0,0,0,0,0,0,0,0,0,0,0,0,0,0,0,0,0,0,0,0,0,0,0,0,0,0,0,0,0,0,0,0,87,-,-,-,-,-,-,-,-
201801301600+0900,-,-,-,153,0,14,0,0,0,193,35,0,0,0,0,0,0,0,0,0,0,0,0,0,0,0,0,0,0,0,0,0,0,0,0,0,0,0,0,0,0,0,0,0,153,-,-,-,-,-,-,-,-
201801301630+0900,-,-,-,218,0,76,0,0,0,0,374,0,0,0,0,0,0,0,0,0,0,0,0,0,0,0,0,0,0,0,0,0,0,0,0,0,0,0,0,0,0,0,0,0,218,-,-,-,-,-,-,-,-
201801301700+0900,-,-,-,112,0,58,0,0,0,8,31,0,0,0,0,0,0,0,0,0,0,0,0,0,0,0,0,0,0,0,0,0,0,0,0,0,0,0,0,0,0,0,0,0,112,-,-,-,-,-,-,-,-
201801301730+0900,-,-,-,103,0,40,0,0,0,9,31,0,0,0,0,0,0,0,0,0,0,0,0,0,0,0,0,0,0,0,0,0,0,0,0,0,0,0,0,0,0,0,0,0,103,-,-,-,-,-,-,-,-
201801301800+0900,-,-,-,128,0,79,0,0,0,10,49,0,0,0,0,0,0,0,0,0,0,0,0,0,0,0,0,0,0,0,0,0,0,0,0,0,0,0,0,0,0,0,0,0,128,-,-,-,-,-,-,-,-
201801301830+0900,-,-,-,236,0,88,0,4,0,17,36,0,0,0,0,0,0,0,0,0,0,0,0,0,0,0,0,0,0,0,0,0,0,0,0,0,0,0,0,0,0,0,0,0,236,-,-,-,-,-,-,-,-
201801301900+0900,-,-,-,319,0,96,0,0,0,44,30,0,0,0,0,0,0,0,0,0,0,0,0,0,0,0,0,0,0,0,0,0,0,0,0,0,0,0,0,0,0,0,0,0,319,-,-,-,-,-,-,-,-
201801301930+0900,-,-,-,308,0,123,0,0,0,26,30,0,0,0,0,0,0,0,0,0,0,0,0,0,0,0,0,0,0,0,0,0,0,0,0,0,0,0,0,0,0,0,0,0,308,-,-,-,-,-,-,-,-
201801302000+0900,-,-,-,506,0,158,0,0,179,19,30,0,0,0,0,0,0,0,0,0,0,0,0,0,0,0,0,0,0,0,0,0,0,0,0,0,0,0,0,0,0,0,0,0,506,-,-,-,-,-,-,-,-
201801302030+0900,-,-,-,882,0,168,0,0,289,21,380,0,305,0,0,0,0,0,0,0,0,0,0,0,0,0,0,0,0,0,0,0,0,0,0,0,0,0,0,0,0,0,0,0,882,-,-,-,-,-,-,-,-
201801302100+0900,-,-,-,703,0,141,0,0,266,0,0,0,284,0,0,0,0,0,0,0,0,0,0,0,0,0,0,0,0,0,0,0,0,0,0,0,0,0,0,0,0,0,0,0,703,-,-,-,-,-,-,-,-
201801302130+0900,-,-,-,518,0,86,0,0,206,0,0,0,94,0,0,0,0,0,0,0,0,0,0,0,0,0,0,0,0,0,0,0,0,0,0,0,0,0,0,0,0,0,0,0,518,-,-,-,-,-,-,-,-
201801302200+0900,-,-,-,239,0,121,0,0,0,0,0,0,25,0,0,0,0,0,0,0,0,0,0,0,0,0,0,0,0,0,0,0,0,0,0,0,0,0,0,0,0,0,0,0,239,-,-,-,-,-,-,-,-
201801302230+0900,-,-,-,421,0,123,0,3,0,0,0,0,17,0,0,0,0,0,0,0,0,0,0,0,0,0,0,0,0,0,0,0,0,0,0,0,0,0,0,0,0,0,0,0,421,-,-,-,-,-,-,-,-
201801302300+0900,-,-,-,192,0,66,0,0,0,0,0,0,4,0,0,0,0,0,0,0,0,0,0,0,0,0,0,0,0,0,0,0,0,0,0,0,0,0,0,0,0,0,0,0,192,-,-,-,-,-,-,-,-
201801302330+0900,-,-,-,184,0,90,0,0,0,0,0,0,0,0,0,0,0,0,0,0,0,0,0,0,0,0,0,0,0,0,0,0,0,0,0,0,0,0,0,0,0,0,0,0,184,-,-,-,-,-,-,-,-
201801310000+0900,-,-,-,126,0,65,0,0,0,0,0,0,10,0,0,0,0,0,0,0,0,0,0,0,0,0,0,0,0,0,0,0,0,0,0,0,0,0,0,0,0,0,0,0,126,-,-,-,-,-,-,-,-
201801310030+0900,-,-,-,142,0,83,0,0,0,0,0,0,9,0,0,0,0,0,0,0,0,0,0,0,0,0,0,0,0,0,0,0,0,0,0,0,0,0,0,0,0,0,0,0,142,-,-,-,-,-,-,-,-
201801310100+0900,-,-,-,91,0,70,0,0,0,0,0,0,0,0,0,0,0,0,0,0,0,0,0,0,0,0,0,0,0,0,0,0,0,0,0,0,0,0,0,0,0,0,0,0,91,-,-,-,-,-,-,-,-
201801310130+0900,-,-,-,87,0,61,0,0,0,0,0,0,0,0,0,0,0,0,0,0,0,0,0,0,0,0,0,0,0,0,0,0,0,0,0,0,0,0,0,0,0,0,0,0,87,-,-,-,-,-,-,-,-
201801310200+0900,-,-,-,101,0,86,0,0,0,0,0,0,0,0,0,0,0,0,0,0,0,0,0,0,0,0,0,0,0,0,0,0,0,0,0,0,0,0,0,0,0,0,0,0,101,-,-,-,-,-,-,-,-
201801310230+0900,-,-,-,88,0,63,0,0,0,0,0,0,0,0,0,0,0,0,0,0,0,0,0,0,0,0,0,0,0,0,0,0,0,0,0,0,0,0,0,0,0,0,0,0,88,-,-,-,-,-,-,-,-
201801310300+0900,-,-,-,91,0,70,0,0,0,0,0,0,0,0,0,0,0,0,0,0,0,0,0,0,0,0,0,0,0,0,0,0,0,0,0,0,0,0,0,0,0,0,0,0,91,-,-,-,-,-,-,-,-
201801310330+0900,-,-,-,94,0,80,0,0,0,0,0,0,0,0,0,0,0,0,0,0,0,0,0,0,0,0,0,0,0,0,0,0,0,0,0,0,0,0,0,0,0,0,0,0,94,-,-,-,-,-,-,-,-
201801310400+0900,-,-,-,93,0,64,0,0,0,0,0,0,0,0,0,0,0,0,0,0,0,0,0,0,0,0,0,0,0,0,0,0,0,0,0,0,0,0,0,0,0,0,0,0,93,-,-,-,-,-,-,-,-
201801310430+0900,-,-,-,94,0,74,0,0,0,0,0,0,0,0,0,0,0,0,0,0,0,0,0,0,0,0,0,0,0,0,0,0,0,0,0,0,0,0,0,0,0,0,0,0,94,-,-,-,-,-,-,-,-
201801310500+0900,-,-,-,153,0,146,0,0,0,0,103,0,5,0,0,0,0,0,0,0,0,0,0,0,0,0,0,0,0,0,0,0,0,0,0,0,0,0,0,0,0,0,0,0,153,-,-,-,-,-,-,-,-
201801310530+0900,-,-,-,153,0,75,0,2,0,31,120,0,20,0,0,0,0,0,0,0,0,0,0,0,0,0,0,0,0,0,0,0,0,0,0,0,0,0,0,0,0,0,0,0,153,-,-,-,-,-,-,-,-
201801310600+0900,-,-,-,334,0,168,0,3,0,201,350,0,19,0,0,0,0,0,0,0,0,0,0,0,0,0,0,0,0,0,0,0,0,0,0,0,0,0,0,0,0,0,0,0,334,-,-,-,-,-,-,-,-
201801310630+0900,-,-,-,238,0,285,0,7,0,13,114,0,0,6,0,0,0,0,0,0,0,0,0,0,0,0,0,0,0,0,0,0,0,0,0,0,0,0,0,0,0,0,0,0,238,-,-,-,-,-,-,-,-
201801310700+0900,-,-,-,198,0,290,0,0,0,0,31,0,0,0,0,0,0,0,0,0,0,0,0,0,0,0,0,0,0,0,0,0,0,0,0,0,0,0,0,0,0,0,0,0,198,-,-,-,-,-,-,-,-
201801310730+0900,-,-,-,229,0,354,0,6,0,0,30,0,0,0,0,0,0,0,0,0,0,0,0,0,0,0,0,0,0,0,0,0,0,0,0,0,0,0,0,0,0,0,0,0,229,-,-,-,-,-,-,-,-
201801310800+0900,-,-,-,134,0,141,0,0,0,0,31,0,0,0,0,0,0,0,0,0,0,0,0,0,0,0,0,0,0,0,0,0,0,0,0,0,0,0,0,0,0,0,0,0,134,-,-,-,-,-,-,-,-
201801310830+0900,-,-,-,113,0,121,0,0,0,0,7,0,0,0,0,0,0,0,0,0,0,0,0,0,0,0,0,0,0,0,0,0,0,0,0,0,0,0,0,0,0,0,0,0,113,-,-,-,-,-,-,-,-
201801310900+0900,-,-,-,100,0,89,0,0,0,0,0,0,0,0,0,0,0,0,0,0,0,0,0,0,0,0,0,0,0,0,0,0,0,0,0,0,0,0,0,0,0,0,0,0,100,-,-,-,-,-,-,-,-
201801310930+0900,-,-,-,100,0,84,0,0,0,0,0,0,0,0,0,0,0,0,0,0,0,0,0,0,0,0,0,0,0,0,0,0,0,0,0,0,0,0,0,0,0,0,0,0,100,-,-,-,-,-,-,-,-
201801311000+0900,-,-,-,88,0,59,0,0,0,0,0,0,0,0,0,0,0,0,0,0,0,0,0,0,0,0,0,0,0,0,0,0,0,0,0,0,0,0,0,0,0,0,0,0,88,-,-,-,-,-,-,-,-
201801311030+0900,-,-,-,83,0,36,0,0,0,0,0,0,0,0,0,0,0,0,0,0,0,0,0,0,0,0,0,0,0,0,0,0,0,0,0,0,0,0,0,0,0,0,0,0,83,-,-,-,-,-,-,-,-
201801311100+0900,-,-,-,68,0,15,0,0,0,0,0,0,0,0,0,0,0,0,0,0,0,0,0,0,0,0,0,0,0,0,0,0,0,0,0,0,0,0,0,0,0,0,0,0,68,-,-,-,-,-,-,-,-
201801311130+0900,-,-,-,64,0,15,0,0,0,0,0,0,0,0,0,0,0,0,0,0,0,0,0,0,0,0,0,0,0,0,0,0,0,0,0,0,0,0,0,0,0,0,0,0,64,-,-,-,-,-,-,-,-
201801311200+0900,-,-,-,78,0,44,0,0,0,0,0,0,0,0,0,0,0,0,0,0,0,0,0,0,0,0,0,0,0,0,0,0,0,0,0,0,0,0,0,0,0,0,0,0,78,-,-,-,-,-,-,-,-
201801311230+0900,-,-,-,64,0,12,0,0,0,0,0,0,0,0,0,0,0,0,0,0,0,0,0,0,0,0,0,0,0,0,0,0,0,0,0,0,0,0,0,0,0,0,0,0,64,-,-,-,-,-,-,-,-
201801311300+0900,-,-,-,64,0,11,0,0,0,0,0,0,0,0,0,0,0,0,0,0,0,0,0,0,0,0,0,0,0,0,0,0,0,0,0,0,0,0,0,0,0,0,0,0,64,-,-,-,-,-,-,-,-
201801311330+0900,-,-,-,77,0,39,0,0,0,0,2,0,0,0,0,0,0,0,0,0,0,0,0,0,0,0,0,0,0,0,0,0,0,0,0,0,0,0,0,0,0,0,0,0,77,-,-,-,-,-,-,-,-
201801311400+0900,-,-,-,204,0,15,0,0,0,223,64,0,0,0,0,0,0,0,0,0,0,0,0,0,0,0,0,0,0,0,0,0,0,0,0,0,0,0,0,0,0,0,0,0,204,-,-,-,-,-,-,-,-
201801311430+0900,-,-,-,78,0,18,0,0,0,0,4,0,0,0,0,0,0,0,0,0,0,0,0,0,0,0,0,0,0,0,0,0,0,0,0,0,0,0,0,0,0,0,0,0,78,-,-,-,-,-,-,-,-
201801311500+0900,-,-,-,89,0,44,0,0,0,0,0,0,0,0,0,0,0,0,0,0,0,0,0,0,0,0,0,0,0,0,0,0,0,0,0,0,0,0,0,0,0,0,0,0,89,-,-,-,-,-,-,-,-
201801311530+0900,-,-,-,76,0,11,0,0,0,0,0,0,0,0,0,0,0,0,0,0,0,0,0,0,0,0,0,0,0,0,0,0,0,0,0,0,0,0,0,0,0,0,0,0,76,-,-,-,-,-,-,-,-
201801311600+0900,-,-,-,80,0,18,0,0,0,0,0,0,0,0,0,0,0,0,0,0,0,0,0,0,0,0,0,0,0,0,0,0,0,0,0,0,0,0,0,0,0,0,0,0,80,-,-,-,-,-,-,-,-
201801311630+0900,-,-,-,83,0,27,0,0,0,0,0,0,0,0,0,0,0,0,0,0,0,0,0,0,0,0,0,0,0,0,0,0,0,0,0,0,0,0,0,0,0,0,0,0,83,-,-,-,-,-,-,-,-
201801311700+0900,-,-,-,73,0,13,0,0,0,0,0,0,0,0,0,0,0,0,0,0,0,0,0,0,0,0,0,0,0,0,0,0,0,0,0,0,0,0,0,0,0,0,0,0,73,-,-,-,-,-,-,-,-
201801311730+0900,-,-,-,88,0,39,0,0,0,0,6,0,0,0,0,0,0,0,0,0,0,0,0,0,0,0,0,0,0,0,0,0,0,0,0,0,0,0,0,0,0,0,0,0,88,-,-,-,-,-,-,-,-
201801311800+0900,-,-,-,242,0,55,0,0,0,52,62,0,0,0,0,0,0,0,0,0,0,0,0,0,0,0,0,0,0,0,0,0,0,0,0,0,0,0,0,0,0,0,0,0,242,-,-,-,-,-,-,-,-
201801311830+0900,-,-,-,354,0,102,0,4,0,52,183,0,0,0,0,0,0,0,0,0,0,0,0,0,0,0,0,0,0,0,0,0,0,0,0,0,0,0,0,0,0,0,0,0,354,-,-,-,-,-,-,-,-
201801311900+0900,-,-,-,308,0,87,0,0,0,25,226,0,0,6,0,0,0,0,0,0,0,0,0,0,0,0,0,0,0,0,0,0,0,0,0,0,0,0,0,0,0,0,0,0,308,-,-,-,-,-,-,-,-
201801311930+0900,-,-,-,418,0,114,0,0,107,17,126,0,0,0,0,0,0,0,0,0,0,0,0,0,0,0,0,0,0,0,0,0,0,0,0,0,0,0,0,0,0,0,0,0,418,-,-,-,-,-,-,-,-
201801312000+0900,-,-,-,725,0,158,0,6,294,28,30,0,183,0,0,0,0,0,0,0,0,0,0,0,0,0,0,0,0,0,0,0,0,0,0,0,0,0,0,0,0,0,0,0,725,-,-,-,-,-,-,-,-
201801312030+0900,-,-,-,654,0,129,0,0,266,4,31,0,205,0,0,0,0,0,0,0,0,0,0,0,0,0,0,0,0,0,0,0,0,0,0,0,0,0,0,0,0,0,0,0,654,-,-,-,-,-,-,-,-
201801312100+0900,-,-,-,603,0,35,0,0,260,0,0,0,206,0,0,0,0,0,0,0,0,0,0,0,0,0,0,0,0,0,0,0,0,0,0,0,0,0,0,0,0,0,0,0,603,-,-,-,-,-,-,-,-
201801312130+0900,-,-,-,342,0,98,0,0,37,0,0,0,27,0,0,0,0,0,0,0,0,0,0,0,0,0,0,0,0,0,0,0,0,0,0,0,0,0,0,0,0,0,0,0,342,-,-,-,-,-,-,-,-
201801312200+0900,-,-,-,360,0,77,0,0,0,0,0,0,20,0,0,0,0,0,0,0,0,0,0,0,0,0,0,0,0,0,0,0,0,0,0,0,0,0,0,0,0,0,0,0,360,-,-,-,-,-,-,-,-
201801312230+0900,-,-,-,227,0,45,0,4,0,0,0,0,15,0,0,0,0,0,0,0,0,0,0,0,0,0,0,0,0,0,0,0,0,0,0,0,0,0,0,0,0,0,0,0,227,-,-,-,-,-,-,-,-
201801312300+0900,-,-,-,115,0,22,0,0,0,0,0,0,0,0,0,0,0,0,0,0,0,0,0,0,0,0,0,0,0,0,0,0,0,0,0,0,0,0,0,0,0,0,0,0,115,-,-,-,-,-,-,-,-
201801312330+0900,-,-,-,123,0,40,0,0,0,0,0,0,0,0,0,0,0,0,0,0,0,0,0,0,0,0,0,0,0,0,0,0,0,0,0,0,0,0,0,0,0,0,0,0,123,-,-,-,-,-,-,-,-
